278.9006
282.1083
290.0997
299.5913
293.6357
300.5107
296.1968
292.4789
294.5045
289.5491
295.4795
294.4995
291.1150
293.4892
293.0195
291.7313
292.2768
277.8246
277.5569
275.1120
283.3358
287.0435
294.4995
295.9139
290.4583
286.5687
289.0540
296.1665
286.4172
281.8052
279.9361
275.4050
279.3199
288.6954
289.3521
287.6598
284.0834
282.9822
276.0263
275.4101
273.9401
278.3348
267.1307
266.7519
265.9184
270.1161
266.2316
271.2628
274.7534
280.1180
273.5612
273.0662
269.6463
263.4937
260.7002
270.5556
269.4645
243.1363
236.8119
241.0097
247.1270
240.2570
248.5212
241.0147
244.0406
243.8334
239.3124
236.3371
233.8821
242.3938
245.6722
242.0250
250.0518
252.9968
253.8909
252.5876
255.3457
257.6997
251.7137
247.7736
244.9953
245.7681
247.8190
243.9900
239.5195
236.7008
239.3276
234.0286
235.0187
234.5943
227.4465
224.4106
212.1356
211.4840
209.2108
219.1066
221.0817
219.1622
223.7438
209.3775
221.7990
226.8858
217.2830
216.8436
219.7936
222.0617
217.7377
192.4602
202.3206
207.9783
197.2540
195.4456
187.5148
174.7852
170.7945
166.1826
167.7081
192.4703
183.2211
171.3300
178.3263
188.1867
191.6116
183.2413
179.6649
177.9727
171.3906
166.4402
186.2722
180.8419
181.6956
181.5289
175.0277
185.3579
172.8808
167.3141
167.2737
161.0301
157.3324
146.9972
157.6456
156.6050
151.6041
150.2402
141.5315
131.1154
132.5652
130.0445
142.4761
147.5478
147.9872
134.3635
138.9704
141.1526
138.5815
143.4561
152.6093
154.5592
155.9988
151.6546
159.5046
156.9334
164.3135
159.2419
156.7364
156.6808
150.0836
150.5433
153.0336
151.7253
150.2402
153.1145
155.4078
162.3132
165.7128
168.7487
162.6617
164.2681
159.1560
157.9538
158.7771
152.0335
151.0333
151.3768
142.8297
153.0993
154.8269
164.0205
163.6013
167.4454
176.1289
173.4263
171.0067
172.0372
171.9766
173.2647
178.6799
187.5502
191.3337
181.0995
180.8621
183.3929
180.6802
173.0930
178.3717
173.0828
175.0075
166.7281
174.5023
172.5777
170.3248
170.7339
165.2632
164.4146
161.1008
154.3925
155.8726
146.9416
155.6705
160.5906
163.4295
163.8791
161.4898
169.3953
168.2638
166.6675
166.7786
176.0940
175.3686
173.8052
178.4626
175.6389
173.1081
175.8207
178.8668
183.1150
186.7925
186.0146
181.1702
182.8625
188.1665
191.0003
186.3530
191.7025
196.3700
198.1380
191.6015
192.6976
193.9049
194.3242
196.7489
194.9607
193.8291
197.7491
200.0222
198.8705
203.0578
203.5683
203.8108
200.3455
205.7607
206.0890
201.5579
196.7741
195.7436
197.0065
200.4617
201.4922
200.6335
200.2900
198.7745
204.2604
204.8666
207.3115
210.7616
215.4746
216.4041
218.0458
222.4052
224.4460
221.6424
220.0512
218.5257
216.7072
214.6058
210.5292
210.1403
209.7160
209.1603
212.2063
205.7708
204.9272
206.7508
210.0241
214.8482
214.2522
212.9640
211.6507
206.3466
206.9124
200.3556
203.3158
207.3064
209.3320
214.3330
214.5300
221.3393
223.5771
217.3386
217.2982
216.1515
216.0454
220.9211
225.6583
224.6885
222.1880
220.3644
225.1128
223.8044
228.4316
229.2014
227.8911
227.4971
230.9017
230.6542
229.3035
231.6493
233.5184
232.3667
224.7339
224.9309
224.2692
232.5738
235.0136
236.7766
238.1102
236.4078
235.4278
234.7661
233.2102
230.2253
228.8357
231.1139
233.0233
231.6696
234.3721
237.8929
238.4991
240.0044
241.2269
246.6572
248.3899
248.2585
251.0570
252.0976
251.7945
250.9408
248.7738
251.8299
251.8299
250.4761
246.1066
244.7831
246.7734
251.9360
261.4327
259.7354
260.7811
264.7161
265.7618
270.4142
267.6813
277.7539
278.8854
278.6985
278.3854
279.8957
279.6937
279.9564
276.9659
272.9298
278.3601
270.8183
269.7423
271.4093
272.9449
277.1477
278.3854
284.1491
286.2959
288.2155
286.8465
288.9681
291.1049
291.7161
291.2918
289.4430
287.9144
294.1711
294.5449
295.8836
292.8628
294.4995
297.9698
296.7777
295.8836
295.5148
296.1412
296.5453
297.5404
298.7932
298.2931
300.9300
299.6216
301.9554
300.0258
301.2785
302.4201
303.6527
308.9870
312.4220
314.6396
312.8868
314.5689
313.1797
316.5996
315.2054
307.2594
300.1066
304.1073
303.6477
298.2780
296.5655
297.9597
292.9840
296.8332
293.1912
294.4894
277.8347
272.7782
274.0007
273.8391
269.8939
267.6985
269.2523
268.2926
273.1925
266.0992
268.3784
269.4796
270.9799
269.9722
270.9597
269.3028
273.4349
271.8725
274.4048
273.1637
274.1927
270.2879
268.4694
265.9234
266.1103
269.0856
273.3137
275.4656
280.1483
285.0078
284.1339
282.9771
291.1908
293.5599
292.7517
284.4875
285.5079
285.6897
286.1141
282.8811
281.6183
277.3246
281.5324
284.3360
284.2400
284.1187
286.2707
286.4778
287.3264
288.4428
287.0334
284.6694
286.6647
286.0231
289.3116
296.4039
297.5303
300.7128
277.9029
277.8802
280.3756
280.0018
276.3446
275.2989
268.5552
267.2520
267.3176
268.7371
265.5521
268.0299
255.7902
257.5027
251.9006
249.1072
263.5088
257.1440
255.2952
258.0684
256.3762
256.5985
251.7491
249.7588
239.9489
238.4537
241.0349
240.9895
240.1812
247.7534
245.3135
243.6667
249.2233
255.4013
251.9259
245.2580
244.8841
239.4488
246.0106
246.7633
244.0810
251.5571
253.2140
252.6129
252.5876
246.7936
245.6267
243.5051
239.9943
238.7719
238.4688
229.4671
224.7642
222.0061
220.5210
220.2785
227.4162
230.6290
236.1502
240.3631
247.1169
248.1959
249.5517
232.1671
235.4884
243.2727
241.2067
244.8993
247.5513
247.0007
248.8495
244.6669
244.9902
244.9195
247.7281
247.4351
255.7650
256.6641
252.6836
255.2750
254.4465
248.4000
248.5363
245.6772
245.2933
247.7837
243.5556
236.3927
233.3870
234.4226
228.0174
229.6490
227.8102
231.7756
228.6740
227.3253
232.5359
233.9730
237.5696
234.5893
237.7111
240.5399
240.5197
243.6162
242.6868
242.7928
243.0050
247.5968
256.7550
259.3717
260.6548
259.3818
266.3579
267.9339
266.2972
266.5599
265.6001
265.5143
263.8624
271.8841
269.9242
267.7318
270.9345
272.1923
273.4804
274.4452
273.2480
303.8194
312.0331
307.0422
307.1180
309.1436
309.4164
311.4218
312.4826
311.4067
312.4725
310.0074
310.6641
310.9672
313.2808
315.3468
315.7560
316.6097
315.6246
314.6447
311.7704
304.7489
300.7986
294.8632
294.7773
301.3492
298.4548
298.6518
294.5045
300.5461
298.0355
294.0499
280.7141
285.0785
288.8520
289.4480
292.1556
296.5908
298.3083
298.7932
299.1519
300.3693
300.5158
298.1870
298.8993
298.4396
300.5915
304.6377
305.8602
305.2237
304.2892
302.5414
303.5921
302.5111
300.0409
305.2843
304.1578
307.6686
309.9064
311.3915
310.2650
311.1743
311.6087
311.5178
315.3013
323.1058
319.1253
316.6097
309.0628
308.6839
313.1444
311.4218
311.5683
303.5870
303.2688
308.6637
309.1487
308.2142
308.6334
310.3080
312.3715
311.4218
311.3915
315.4630
317.3068
315.2862
315.3215
315.8469
318.2817
308.2445
308.8052
307.5423
308.1586
309.8559
303.4709
303.4860
307.9161
303.4001
298.8740
299.2024
298.9296
293.1356
291.3221
287.9275
287.7103
281.4162
283.5681
283.4166
291.2160
291.6303
294.0752
296.4645
292.8527
290.6402
293.8579
293.9135
296.3988
298.9448
296.8636
287.4729
290.0441
292.9840
292.0546
291.6555
288.2407
291.1049
292.2314
268.0804
266.1305
263.4482
265.5698
265.2516
265.2263
269.1513
271.6467
271.7528
274.8493
272.0508
269.6918
270.6516
269.8838
270.4041
271.6063
274.1219
270.4798
270.2778
267.4995
261.8772
267.9592
267.6308
268.3582
264.7111
261.8621
261.7964
262.5087
261.7307
263.1300
267.2318
265.5042
266.7468
264.2312
263.2108
262.1854
262.2561
261.0235
257.3739
254.9618
256.8005
254.0626
252.7594
245.0054
244.7831
249.0364
246.0081
242.5807
239.8832
243.8840
249.3648
251.3449
255.7953
263.1946
268.9594
270.4344
276.1122
268.7320
266.3528
269.7524
271.8993
267.1913
301.8847
300.5309
304.3751
300.7380
306.6179
312.2957
312.6746
314.4628
306.7341
308.6132
304.9509
306.5068
299.2478
303.6780
291.7313
292.4991
275.8192
289.6551
277.3296
283.9571
284.7855
281.4819
272.2731
269.3180
255.0376
247.9857
251.6480
262.0793
264.3373
262.6956
266.1406
272.3135
273.1318
273.2632
268.9897
265.1202
263.7766
269.7625
270.2323
265.1253
267.7874
267.4843
268.7724
274.0714
276.1526
276.1476
276.1248
272.3741
263.0087
265.4587
268.6815
272.4449
267.1408
266.4639
260.1698
250.3094
253.5322
254.9466
260.0031
260.2102
271.3487
274.3846
277.0720
282.3709
298.8841
294.2014
298.2931
293.3376
294.8379
298.2830
301.2785
294.5803
296.1715
302.4151
303.1577
299.3691
292.3021
295.4188
301.8241
301.1371
307.2948
309.3204
303.5668
300.6016
307.3049
309.6538
311.4521
308.8810
303.5264
300.5006
293.4589
292.9840
287.9882
284.3966
297.1212
294.4641
302.7788
310.0428
313.3717
316.0439
315.0942
314.9023
311.1945
316.9380
315.9126
316.0338
312.2149
312.9575
316.2005
314.1143
318.4282
316.1298
318.0897
319.8274
323.4190
323.1412
324.5051
326.2731
336.1285
337.5782
332.8955
328.3543
314.4325
314.7760
316.2005
318.0594
315.7105
317.5240
319.7113
323.0755
296.0099
295.7724
293.4538
287.6750
286.9728
292.9739
291.8172
293.0396
293.4033
295.5653
301.2331
307.6787
306.5068
308.0626
308.8759
306.0723
309.2497
308.0172
305.8955
306.3805
305.4308
310.1590
307.0978
306.1734
308.0879
307.7898
312.3766
312.3058
314.4022
313.8213
310.2853
305.5925
306.5219
306.6937
303.2132
305.6884
312.0684
311.1642
313.7607
315.7358
320.2518
320.0042
323.2826
326.3489
324.6011
328.0057
326.8389
331.2538
327.5410
323.9191
326.7883
324.6162
320.8428
319.4132
318.6656
316.6551
321.2520
328.8544
315.5135
306.1532
307.9212
306.8503
302.7333
301.0967
301.8746
303.7285
307.9969
310.9015
310.6540
305.5369
305.3247
306.7543
308.6536
301.5564
306.9008
309.5477
307.7090
309.9872
305.7288
305.1075
308.6991
317.7008
314.7305
303.2890
310.2145
303.4911
307.8656
304.9358
298.8084
300.2278
297.1414
293.4185
288.4276
292.2718
288.1397
293.2720
292.0899
293.2114
287.1749
285.4574
283.4318
282.4013
285.1593
288.3620
293.7569
291.7262
285.5129
288.6802
283.2347
285.2452
287.5790
285.0583
293.0194
293.2215
296.9393
301.0259
296.0048
296.0200
293.8428
288.5337
288.1751
291.2261
290.4179
291.3322
293.3680
299.5812
308.5526
310.9217
306.9109
307.1230
309.8357
320.7468
319.4031
319.7416
319.5951
317.6099
323.9646
324.7172
323.5655
324.4192
324.4798
324.3030
333.4007
337.7702
337.2044
339.8968
342.0538
341.2456
338.1996
342.0740
341.8821
342.8065
338.0531
342.1094
347.5447
344.3472
346.0697
344.0239
343.8622
353.2983
356.7081
353.9904
349.6562
348.9945
356.6525
358.4912
358.6428
362.8355
367.4929
367.8044
370.7713
378.5455
378.4344
380.6065
382.1421
381.1318
384.8093
382.3896
385.1730
387.9765
387.7745
382.8190
375.8733
376.1107
379.6063
376.2067
374.3023
376.1814
381.6319
351.0757
344.4027
342.8267
343.6753
342.1358
342.3670
341.0486
343.6489
347.3326
347.4983
344.9938
344.3674
336.9923
329.5010
334.9262
336.3760
332.9174
329.6323
326.9601
326.9197
337.5429
338.4319
336.3608
337.4216
333.9766
338.8057
345.3524
349.5047
352.7780
351.2020
349.0703
347.4488
349.1208
345.6252
346.2364
352.0254
352.3689
354.9653
354.5931
364.0983
364.2448
363.7599
364.8965
361.4968
358.4003
358.0821
356.7788
353.6065
357.3294
365.3460
365.5582
372.7818
371.1552
370.4228
372.8565
374.5548
373.8022
365.3460
366.1947
361.2746
359.3197
355.8796
355.0512
374.5649
380.7934
380.7126
379.2274
380.7176
380.7934
381.7329
391.7904
383.4151
386.8097
389.0474
390.9569
396.7257
395.2355
394.3666
395.4577
397.9633
400.5243
407.5762
400.3071
401.8579
403.9694
399.4534
399.1301
404.0048
404.7221
407.2428
414.9786
423.6165
419.9674
420.5816
420.0381
421.7051
418.0630
416.9011
414.9967
411.3405
408.0510
409.8342
411.5456
409.8039
409.3240
408.9855
410.3898
405.4596
401.1800
404.7170
410.7030
407.2488
401.6256
395.5537
391.4115
392.8259
399.1554
399.2615
399.0897
394.9880
400.7668
395.3062
386.8976
404.0503
404.1735
408.1066
410.9121
408.7127
404.8332
413.7440
416.5273
414.4360
419.0733
427.2111
435.2076
433.0254
441.3097
440.2237
444.6437
443.2798
448.1140
462.6572
456.5853
459.2676
458.9393
458.1513
449.2860
445.9369
441.1531
445.1690
438.6224
439.8600
440.0913
438.2789
433.9700
434.2731
436.7685
444.3911
449.6901
444.4315
440.4762
443.0121
442.0220
447.6847
454.9436
454.9739
446.9219
444.9973
439.3700
437.5565
441.3198
443.0474
444.7144
448.5081
445.6944
447.7756
451.3419
457.2016
457.2774
457.6562
464.8545
466.2487
467.1024
464.5353
464.0008
460.0254
452.9119
460.0355
456.5500
456.0953
448.4171
447.2300
445.6742
450.0437
448.4424
456.7621
457.9492
457.1561
452.8978
449.9073
450.9226
449.7861
447.3109
445.1589
439.3801
434.2529
432.8627
437.2787
437.1625
439.1376
441.3502
439.5821
437.6525
429.4489
428.6407
432.1161
427.8072
434.6166
440.3015
444.3052
444.3154
448.5959
448.9071
452.7058
451.1267
449.1082
448.4474
447.6139
456.3075
453.8171
456.2014
447.8110
447.9827
443.1283
443.6031
442.7039
442.4615
448.0655
448.5636
442.5524
440.6632
437.3241
431.2270
432.3333
438.5870
440.4813
442.5625
445.5429
453.6348
448.9698
510.9076
506.8119
508.6809
521.0100
518.0514
512.8231
512.7221
523.4514
520.5114
520.5922
518.8040
518.3322
516.0156
516.6369
509.1608
513.2424
510.4944
511.0955
521.5470
522.9412
522.0976
521.0822
517.8766
516.4147
522.3552
521.2540
528.3462
534.6504
537.0246
535.2465
532.6652
532.0489
534.5342
534.1099
540.4394
544.6169
547.9105
544.1875
540.4848
535.8527
542.0104
540.4343
547.9559
548.6985
555.9726
563.2871
561.6403
564.4792
564.9541
560.4381
566.1209
562.2869
558.1851
564.4085
575.2881
576.4865
570.9350
570.9047
567.2676
580.6135
580.2195
584.0586
581.1844
587.8371
588.5039
586.0186
567.6970
556.2807
567.2828
559.1550
573.5385
596.5610
572.5464
574.9357
577.4816
585.9479
594.7778
592.4996
601.2134
599.4504
606.1234
607.5883
611.6699
607.3559
608.2500
608.0884
612.4932
616.2768
616.3627
615.8777
614.0794
607.5327
613.7056
615.3978
616.0798
613.6450
612.0184
606.1688
609.8614
600.6476
592.4339
602.1832
611.8618
605.7950
604.7393
597.6066
584.9224
585.3215
571.8089
562.8729
565.8381
562.9890
573.2839
573.3900
571.5000
545.2500
540.6300
557.5100
567.0400
546.6900
537.7600
545.2000
548.7000
563.9000
543.3400
539.3700
545.5000
537.5100
534.4400
523.1000
522.9800
536.3300
534.8800
538.5300
533.8700
535.3300
522.5700
518.0000
520.1700
526.6200
538.4300
541.5400
534.4100
529.1200
528.3000
538.8300
540.3900
549.7000
555.4500
563.8000
574.8700
570.4500
570.5600
571.6500
564.3400
554.5100
553.7600
564.9300
566.0300
570.7300
568.3000
567.5000
559.5000
560.3500
552.3000
550.6150
560.6600
564.9900
566.5200
574.2900
572.5400
585.9300
584.7700
585.6900
584.6700
591.4900
590.7800
593.0800
590.7600
578.4000
583.3600
580.0400
586.6500
594.2600
593.0600
590.6200
580.8200
605.1100
598.4400
603.5700
605.1900
603.0100
598.0800
599.0200
593.9500
595.4400
579.5500
573.6000
582.2700
573.1400
574.4900
571.8100
577.9400
577.2500
572.1200
584.5600
584.6500
583.7100
592.7000
597.1100
595.4100
592.4200
592.5400
590.5700
588.1200
583.0000
580.3200
582.3600
588.6300
589.5200
593.1400
597.7800
601.6300
591.9700
593.4200
591.1100
584.9000
581.6400
588.7800
593.2900
597.2700
605.4000
597.2700
591.1800
598.4200
585.2500
587.9000
587.8100
588.4100
579.6300
580.8800
586.2500
587.7800
574.1000
583.7400
570.8100
555.1900
544.7500
548.6900
540.7300
536.9200
522.9700
532.3800
538.0300
542.6900
553.6500
548.9000
549.8800
558.9400
558.4500
560.2700
567.8700
563.7700
564.1900
555.9500
551.6900
551.8200
558.2300
561.2900
558.2500
556.4400
555.1900
546.6400
544.5100
547.2000
543.7600
545.8900
547.4800
549.2300
547.7300
549.0800
539.6500
538.5900
536.9700
542.5800
528.0800
530.7300
536.1100
528.0400
532.1100
521.5100
515.8400
498.1600
506.4500
514.6200
520.0400
532.3000
538.7700
536.9300
541.5200
537.3100
535.2800
530.6600
529.5500
519.4600
506.6400
505.1500
506.9100
500.7200
497.0600
501.8000
505.9300
504.0100
510.4550
509.9400
520.3900
537.3000
541.9500
536.7200
521.1900
512.4300
513.2300
537.5500
532.2000
533.3000
526.1000
529.8300
533.8750
529.2800
540.1600
538.0000
546.0100
551.1600
545.0100
542.6500
546.4500
541.8000
535.0000
538.6500
547.3300
559.2900
562.6300
575.0200
578.7950
578.3300
581.4350
572.9000
574.1000
559.8500
555.6900
561.1700
553.0000
561.6400
557.6100
566.1600
563.6700
564.9500
565.3700
577.5400
567.0000
563.6400
557.5500
561.1350
554.7000
549.4900
541.3100
543.9500
544.8600
548.8400
548.0200
548.5400
548.6400
539.7800
541.0400
543.5200
532.7400
544.5300
542.9250
549.1800
557.4600
573.6600
566.1200
564.3700
561.3900
548.7700
551.1600
552.8400
543.0450
535.0800
542.0400
548.9500
545.7800
538.7300
539.4900
549.2000
546.4900
546.6700
549.2800
552.5100
556.8100
554.5200
547.1900
554.2500
554.1800
545.3200
549.2100
553.9500
555.2900
551.6900
549.5300
543.4800
542.1600
552.6000
550.0400
547.4700
543.0000
544.8700
546.6000
556.1800
557.5200
559.6800
563.3900
558.5700
557.9500
553.0600
541.2500
540.0400
543.3000
547.3400
545.6200
550.0300
541.7000
544.6500
556.1100
571.7300
584.1800
583.9600
601.7800
699.6200
692.8400
695.3500
695.1000
674.7300
654.7700
658.2700
659.6600
661.4300
664.5600
657.5000
664.7200
661.2800
673.2900
670.1500
664.3900
663.1400
690.3000
691.4700
686.5100
689.3700
694.1100
688.7300
694.0400
679.4800
644.0300
618.1100
612.4700
659.7400
667.9600
659.6900
647.8200
629.5600
644.9100
637.0500
628.9600
643.8800
643.4100
651.0800
655.3000
652.4700
665.0700
665.5200
671.6700
660.9200
666.9800
653.2000
653.2900
654.9100
640.1500
624.2500
622.6100
638.3700
642.0000
656.9900
671.6800
671.6400
670.0000
667.0000
671.2400
676.4300
683.1700
680.4100
693.0200
695.3200
699.9500
680.0000
671.8000
681.1400
719.3300
731.1200
732.8200
736.9200
744.8500
737.3900
747.7400
748.8200
755.3100
760.6700
761.6000
754.7700
758.2600
765.2500
756.5300
740.0700
750.4200
745.9800
760.0100
759.9400
777.0000
776.7000
769.6300
769.2600
771.9700
762.8500
783.7900
777.8500
768.2000
779.2100
772.9900
775.1400
762.5500
760.0400
750.4200
762.5400
760.0900
776.5900
769.8300
756.8500
760.8000
767.1300
768.5100
765.8400
782.2400
793.9600
790.3000
778.0100
759.4400
761.5300
759.3300
741.0000
730.9100
733.0700
745.3400
719.5700
731.3900
710.4900
719.0800
718.5600
726.6700
745.4600
733.6200
733.7900
717.5800
748.3000
761.3500
770.7700
780.9100
749.3800
730.0300
703.7600
704.1600
701.0200
706.8500
706.3600
706.8900
717.6400
731.9700
717.5100
722.1100
729.0500
717.2900
720.9000
729.1200
724.8600
717.2200
742.1700
739.4800
731.5900
730.2200
712.8000
713.5300
725.4100
732.1700
744.8700
750.2400
750.5700
757.3600
758.4800
755.4100
762.1600
760.0500
757.5600
754.8400
753.2800
765.8900
768.3400
762.9000
769.6700
765.1200
758.5700
768.0700
760.1200
759.4700
757.5400
764.3200
771.9100
775.3900
780.0000
787.6800
776.2500
774.9200
780.0000
737.7700
742.2100
725.3700
721.4600
705.0600
707.8800
714.4100
708.4400
711.3700
714.7100
725.1800
729.1300
739.3800
730.5500
728.0700
724.8300
730.3000
720.1900
721.7800
715.3100
721.7100
717.2500
733.0300
738.1000
736.9300
747.6000
748.8500
748.4600
744.2700
735.8600
730.0600
731.0900
742.9300
742.5200
733.1900
731.8800
733.2500
732.1900
724.2500
704.2500
706.1300
708.8800
710.4700
714.8700
685.2000
681.1400
691.2600
695.1900
703.5300
710.2500
704.8900
708.9700
707.2600
717.7800
727.2000
732.5100
729.4800
735.8000
735.6300
753.2000
753.4100
757.0800
754.4100
759.2800
757.5200
757.6500
761.9700
765.8400
791.3400
800.9400
800.1200
798.9200
797.2500
806.9300
805.2300
807.4800
808.4900
808.2000
807.0500
805.9600
801.1900
805.4200
802.7500
799.6500
796.9500
796.5900
793.6000
791.3000
793.2200
795.8200
791.9200
789.8500
791.4000
796.8700
808.0200
807.9900
802.8400
788.4800
798.8200
788.7200
790.4600
801.2300
797.9700
795.3900
799.7800
805.0300
815.9500
814.9600
802.6500
810.7300
810.0600
802.6400
804.0600
800.3800
802.7900
801.2300
803.0800
800.7100
814.1700
809.5700
811.7700
804.0800
804.6000
806.8400
821.4900
827.0900
821.6300
824.0600
835.7400
828.5500
822.1000
817.3500
819.5600
809.9000
805.4800
788.4200
782.1900
781.1000
802.0300
811.9800
805.5900
780.2900
771.7500
753.2200
775.1600
779.9800
786.1600
775.9700
784.8000
785.0000
779.0000
780.2300
785.7900
789.4400
775.8800
764.3300
764.4600
778.2200
776.1800
791.4700
795.1700
809.4500
807.9000
815.3400
817.8900
815.6500
809.8400
812.5000
815.2000
812.2000
809.6800
807.8000
809.9300
804.5700
802.8800
792.4500
808.0100
807.7700
813.0200
825.2100
827.1800
826.0100
829.8600
829.5300
830.9400
827.4600
829.0200
824.3700
828.1700
844.4300
849.5300
858.4500
856.9800
845.0300
823.8300
820.1900
815.2400
818.2600
820.1300
821.6200
829.2300
829.8800
830.0600
834.8500
838.9600
840.0300
837.3200
842.1700
846.5500
849.2700
851.3600
851.0000
847.8100
849.6700
844.9300
856.7500
849.8500
849.0800
847.2700
851.1500
853.6400
857.8400
861.4050
864.5800
865.9100
868.3900
870.0000
872.3700
867.9100
850.1400
849.8000
839.6500
835.1400
838.5100
840.6300
849.8700
849.4800
847.8000
856.7500
852.5700
848.9100
845.0950
842.1000
841.7000
839.8800
841.4600
840.1800
855.1300
853.9900
856.5100
860.0800
858.9500
878.9300
888.8400
889.1400
891.4400
924.5200
932.8200
937.0900
948.4500
954.7200
950.2800
958.6900
956.7100
954.8400
955.8900
955.1400
959.2200
964.6100
942.1700
950.5000
954.6500
964.0700
970.5500
977.6100
991.8600
993.2700
996.1700
987.0900
988.2900
996.1200
1003.8800
996.6800
1001.5900
1004.2800
970.1200
961.8100
970.5000
967.9300
960.1800
958.6200
975.2200
968.9900
978.5900
976.6200
986.0900
972.0900
948.0900
961.0100
937.8200
929.6800
919.4600
932.2600
927.6900
940.8100
951.0000
953.5300
967.6600
968.8500
976.9100
975.9600
986.9500
992.7700
992.1900
993.8400
998.3100
969.0300
965.3100
952.5100
958.3300
945.5000
946.5600
947.6400
940.3000
945.7900
945.7500
944.1900
940.0800
923.5900
930.0900
938.9300
938.0800
944.2700
927.6600
926.1800
920.8700
940.4000
942.5800
936.8900
930.5000
928.1300
935.7500
943.6300
955.2400
951.9900
941.4800
942.0200
949.8900
941.4100
943.2900
946.6500
950.4400
940.1300
935.2900
929.7500
936.8600
947.5400
947.5500
943.2600
934.2800
937.4300
959.9000
964.8100
973.7200
967.4700
972.0800
966.7800
985.1900
993.6400
992.3100
987.8000
1005.6500
1005.6500
1007.8700
1009.3500
1011.0000
1012.7400
1001.8400
1005.0700
985.5400
988.4900
991.4600
991.4200
1033.6700
1033.1300
1033.0400
1042.5950
1042.9700
1049.9900
1042.6800
1052.3900
1058.2900
1047.7200
1044.1500
1041.2000
1041.6400
1036.4100
1048.4700
1035.8900
1034.6600
1050.3000
1051.9200
1056.5200
1072.0100
1063.2900
1037.3800
1036.1700
1025.0700
1011.8700
1019.6000
1032.7200
1044.5700
1049.3800
1051.9700
1048.7700
1051.3900
1057.4700
1072.0000
1085.0900
1079.7800
1073.5600
1070.8500
1068.8600
1065.8500
1060.2000
1055.9500
1053.4000
1073.2100
1091.5200
1095.7600
1110.2900
1114.2100
1112.7900
1110.1400
1112.0500
1130.6500
1130.7000
1139.1000
1135.9700
1143.5000
1164.1600
1176.1700
1171.2900
1182.1400
1187.5600
1186.4800
1177.3700
1182.2200
1181.5900
1119.2000
1062.3900
1084.4300
1055.4100
1007.7100
1046.2700
1054.5600
1054.1400
1072.7000
1091.3600
1095.5000
1103.5900
1113.7500
1109.9000
1128.0900
1143.7000
1117.5100
1103.9200
1071.4100
1084.1400
1094.7600
1100.9000
1115.0400
1129.3800
1160.8400
1165.9300
1139.9100
1148.8900
1150.6100
1134.4200
1100.0700
1095.8000
1094.0000
1053.1500
1026.5500
1054.0900
1006.9400
1005.1800
1037.1400
1012.6300
1018.6800
1029.7100
1032.6400
1009.9500
1020.0900
1036.5000
1025.0600
1037.2900
1036.0400
1046.1000
1079.3600
1075.3900
1089.4500
1077.3200
1073.8100
1022.6400
1022.9900
1043.3100
