300 100
22 8
35 97
30 74
5 67
39 19
41 56
99 24
59 17
99 92
28 0
35 70
12 65
97 9
92 19
22 57
76 66
24 40
19 92
41 19
54 0
76 15
7 74
70 89
27 2
38 27
16 68
97 97
7 34
79 51
27 98
21 90
21 25
91 68
100 88
53 1
18 94
34 99
41 94
73 69
69 4
57 51
54 66
62 43
19 45
87 22
56 74
5 19
70 1
100 61
99 42
99 47
60 93
63 99
22 87
51 17
20 42
77 65
82 65
99 40
82 97
48 58
59 4
96 16
20 48
33 60
57 18
18 15
34 82
50 75
99 74
42 95
12 55
63 91
29 71
58 93
86 33
91 59
56 98
4 57
92 86
85 58
66 46
39 73
77 11
65 41
27 74
3 81
80 78
86 36
52 53
56 36
59 80
30 4
91 66
72 93
57 56
43 16
4 44
99 32
11 22
30 86
33 11
69 10
24 61
37 22
50 54
13 31
68 8
66 42
79 24
60 80
16 93
37 27
96 48
14 48
60 91
63 16
6 12
59 62
96 31
84 89
100 30
83 99
77 57
12 60
11 67
32 46
82 70
67 73
12 54
25 13
94 36
47 91
74 51
94 89
55 35
90 12
50 53
42 75
9 61
50 59
49 92
98 26
19 34
27 13
6 44
61 85
46 44
34 17
57 17
25 84
92 96
12 68
88 2
35 30
32 65
47 30
81 70
37 77
76 55
80 94
38 86
97 29
13 36
16 41
53 37
56 48
67 12
64 9
72 2
24 19
82 96
31 39
47 94
53 25
21 82
1 77
54 26
41 64
19 30
81 69
6 4
3 57
1 21
45 51
11 43
44 5
47 33
11 63
20 44
93 29
58 14
61 78
36 99
87 45
31 20
39 12
51 52
65 91
75 68
93 8
72 48
32 78
89 71
27 44
12 81
68 53
16 13
52 29
54 51
8 38
98 93
46 32
92 74
19 0
96 63
66 47
28 75
8 28
59 72
91 18
41 93
74 26
39 36
93 28
34 23
87 14
57 95
18 74
36 77
1 91
81 91
92 1
44 31
52 18
35 71
76 43
49 10
24 98
6 58
70 81
80 29
5 78
67 57
87 30
100 97
17 66
40 69
37 43
96 67
35 60
14 71
67 52
60 24
98 41
54 34
90 62
89 43
60 73
47 86
72 68
58 12
84 10
53 42
78 15
88 68
4 73
31 33
21 37
79 31
39 33
29 11
36 7
88 29
90 5
71 24
49 36
76 81
78 62
90 63
41 38
17 12
43 22
75 33
8 40
36 29
56 95
65 72
94 0
16 47
23 50
5 51
27 68
40 5
68 52
36 93
31 46
24 43
83 41
26 7
