28116
15 16 30 43 49 51 69 74 80 81 86 111 139 
11 22 53 56 73 99 134 
5 24 35 47 93 98 167 
6 13 28 38 121 
63 77 116 146 147 
12 34 57 110 112 119 142 
96 97 126 136 
45 123 124 125 160 169 
75 103 105 166 
137 144 153 154 156 
8 10 14 17 20 50 52 58 78 155 
102 117 165 168 
23 84 85 108 159 
39 42 64 67 71 
1 55 72 148 161 164 
25 37 66 129 141 158 
29 36 62 138 151 163 
4 135 143 157 
0 40 79 92 95 118 
9 26 46 68 88 127 133 
128 130 132 
54 60 90 104 145 
48 94 131 140 152 
21 82 106 107 109 
44 91 115 120 150 
2 7 19 89 149 
41 61 70 83 
18 27 33 59 
3 31 100 101 162 
32 65 76 87 113 114 122 
