224396
73 122 159 164 219 221 223 225 250 251 281 311 361 373 385 410 435 437 472 475 482 515 579 657 664 675 750 860 892 910 926 967 1016 1054 1080 1091 1137 1146 1222 1226 1237 1293 1352 1419 1439 1446 1447 1466 
304 349 415 420 432 444 495 508 519 600 601 623 625 652 709 710 713 782 791 920 938 955 1021 1027 1036 1056 1116 1198 1199 1207 1211 1281 1305 1349 1371 1379 1496 
12 17 19 33 107 121 197 222 263 268 328 387 395 396 416 476 483 523 536 560 574 590 604 668 819 823 841 855 865 939 1107 1158 1186 1192 1250 1334 1361 1399 
39 44 63 69 71 104 120 152 181 192 208 232 236 247 287 309 411 468 470 541 564 654 655 698 715 761 774 826 836 864 961 989 1015 1031 1032 1067 1081 1118 1134 1139 1195 1212 1243 1252 1328 1364 1373 1429 1441 1479 
36 286 324 355 412 425 445 451 480 510 537 585 609 639 669 706 746 757 783 840 842 863 872 883 903 908 918 960 1002 1050 1060 1061 1075 1110 1153 1179 1181 1183 1201 1245 1275 1301 1327 1338 1377 1386 1394 1432 
75 78 200 289 291 317 374 384 388 417 473 505 507 539 588 602 648 651 674 691 780 781 797 824 923 946 1006 1089 1105 1111 1172 1194 1353 1393 1415 1418 1420 1421 1438 1440 1452 1461 1489 1493 1497 
23 30 38 46 62 66 74 97 134 145 153 163 209 228 245 258 274 280 282 316 332 422 447 469 530 608 616 773 815 821 871 873 940 969 1005 1043 1078 1082 1126 1133 1184 1190 1239 1266 1283 1315 1319 1388 1407 1422 1437 1484 1490 
52 53 67 84 90 117 127 161 185 204 266 267 294 296 306 399 414 496 497 502 503 559 565 576 607 617 630 671 737 745 845 868 935 1053 1092 1114 1123 1144 1189 1203 1217 1220 1221 1272 
68 88 124 173 176 188 273 275 284 293 339 366 368 457 458 462 466 487 535 570 572 580 613 665 714 748 915 999 1003 1045 1047 1074 1104 1119 1122 1174 1182 1236 1318 1330 1348 1445 1471 1482 
205 279 305 336 362 382 400 405 419 426 563 592 694 731 733 752 754 766 803 862 916 929 972 987 1029 1070 1090 1103 1124 1168 1253 1278 1285 1308 1395 1403 1467 
6 20 91 102 129 132 154 199 254 269 272 307 314 323 346 348 398 409 431 527 545 597 629 638 712 769 790 907 931 983 993 1096 1145 1177 1232 1282 1299 1337 1365 1414 1426 1428 1451 1460 1483 1488 
10 16 41 54 92 123 180 195 233 256 295 318 338 357 371 448 454 488 555 591 653 667 763 765 768 770 814 822 851 874 899 901 914 947 980 1022 1083 1088 1097 1131 1142 1154 1156 1157 1166 1167 1251 1295 1313 1332 1351 1442 
160 407 438 501 532 543 552 573 583 615 672 716 778 785 806 837 838 846 879 880 891 898 900 912 922 937 950 1008 1012 1024 1071 1072 1125 1143 1149 1180 1228 1242 1270 1303 1358 1359 1360 1408 1463 
8 29 35 169 175 255 352 544 558 561 633 726 738 758 787 788 810 825 867 887 930 943 954 990 1094 1204 1210 1224 1267 1279 1287 1302 1341 1355 1363 1474 1476 1480 1495 
81 119 166 198 234 237 241 329 333 377 392 424 459 465 520 524 528 582 618 622 632 679 683 705 760 764 854 858 876 878 882 956 985 1030 1041 1098 1112 1115 1165 1223 1244 1261 1380 1382 1405 1431 
421 512 526 557 562 575 619 642 728 784 857 893 921 936 951 1019 1044 1049 1120 1187 1248 1265 1269 1276 1296 1306 1372 1378 1392 1402 1404 1427 1458 1468 1491 
56 61 65 70 82 136 149 162 165 172 189 207 238 239 244 262 313 342 439 467 484 490 518 578 593 612 684 690 702 707 722 723 727 756 772 777 805 835 843 856 859 932 1038 1063 1065 1162 1227 1297 1321 1344 1453 1462 
350 358 359 393 397 404 423 434 443 521 538 540 556 567 605 624 631 646 660 689 695 711 730 735 744 799 801 808 913 971 981 994 995 1066 1106 1247 1271 1298 1317 1329 1369 1425 1477 1478 1492 
37 64 80 93 96 105 106 112 126 138 142 146 147 148 174 177 213 312 321 364 452 471 498 647 658 693 699 703 771 798 875 928 941 1020 1039 1059 1159 1241 1320 1326 1331 1343 1356 1367 1375 1385 1443 1457 1498 
327 353 378 394 440 474 516 547 554 589 627 673 680 687 704 718 732 739 811 877 881 909 949 957 964 974 1001 1026 1035 1087 1130 1205 1219 1246 1290 1316 1342 1362 1397 1456 
1 51 85 98 114 125 155 158 171 191 206 242 248 249 265 297 303 401 429 450 500 513 599 700 719 832 848 919 952 1009 1018 1129 1170 1175 1178 1231 1233 1291 1294 1323 1345 1347 1350 1354 1486 
0 13 57 131 135 184 351 363 499 504 509 581 641 724 749 789 894 895 896 925 962 965 977 979 998 1025 1058 1064 1077 1086 1141 1164 1206 1234 1235 1240 1262 1340 1389 1390 1433 1436 1487 
40 226 298 300 302 334 337 340 341 356 370 381 402 408 428 430 442 464 477 492 493 568 644 656 661 666 676 697 701 742 827 839 849 884 902 905 1011 1014 1017 1037 1042 1069 1093 1191 1215 1263 1277 1333 1366 1411 1413 1416 1423 1424 
9 18 26 42 83 87 118 130 133 137 179 201 212 215 217 224 260 261 308 315 330 344 375 376 403 418 517 546 551 571 596 610 611 614 663 678 688 696 725 729 734 759 817 820 828 844 886 933 973 1085 1099 1136 1218 1286 1289 1376 1412 1475 
28 31 32 43 59 86 111 115 139 167 194 218 253 278 301 322 343 379 383 391 441 478 491 494 506 529 626 662 708 812 816 924 958 978 1028 1076 1109 1138 1150 1171 1185 1280 1312 1322 1339 1357 1459 1472 1485 
2 24 49 58 76 79 99 101 150 178 252 264 276 277 310 390 413 463 485 489 522 549 603 677 721 740 762 767 796 831 1055 1084 1113 1128 1148 1160 1173 1288 1307 1409 1481 
14 22 182 193 216 243 288 320 331 335 372 406 460 566 577 586 598 779 792 800 807 829 853 890 897 927 996 1101 1121 1135 1163 1196 1202 1209 1230 1258 1259 1264 1284 1292 1314 1325 1410 1454 
143 259 290 299 326 360 369 427 449 455 479 542 550 594 595 628 650 685 743 870 889 917 934 942 944 945 963 975 976 991 1007 1010 1062 1073 1100 1151 1161 1200 1216 1254 1256 1260 1304 1335 1387 1464 1470 1473 
21 45 95 157 211 214 230 285 319 436 548 569 636 637 659 753 776 802 804 830 834 852 888 906 959 984 1013 1023 1052 1079 1102 1152 1176 1193 1214 1229 1300 1336 1368 1383 1398 1406 1430 
4 7 11 25 27 47 55 60 72 89 100 113 116 170 190 210 220 231 240 389 461 645 747 786 793 795 813 818 833 850 1004 1033 1040 1068 1095 1132 1140 1249 1273 1435 1448 1449 1469 
5 183 187 229 365 486 514 553 606 643 670 681 682 686 720 736 741 751 794 861 911 948 968 986 997 1117 1127 1147 1169 1225 1255 1268 1346 1381 1400 1417 1450 1455 1494 
3 34 48 77 94 103 108 109 110 141 151 156 168 186 196 203 227 270 271 347 386 453 511 533 534 584 587 635 649 717 755 809 869 953 970 982 988 992 1000 1046 1048 1051 1057 1155 1188 1197 1309 1401 1434 1444 1465 
15 50 128 140 144 202 235 246 257 283 292 325 345 354 367 380 433 446 456 481 525 531 620 621 634 640 692 775 847 866 885 904 966 1034 1108 1208 1213 1238 1257 1274 1310 1311 1324 1370 1374 1384 1391 1396 1499 
