203467
82 122 136 190 191 219 250 251 262 359 361 373 385 393 410 435 472 478 515 519 657 750 892 910 926 967 1016 1054 1080 1137 1146 1222 1226 1293 1419 1439 1466 1519 1618 1640 1646 1661 1720 1790 
33 65 124 133 153 164 175 210 302 430 437 444 482 495 600 601 623 625 652 664 675 709 771 799 1021 1036 1116 1211 1237 1281 1349 1352 1446 1447 1496 1509 1528 1573 1729 
59 77 93 223 331 384 420 432 508 523 590 604 610 668 693 710 770 782 791 912 920 938 955 1027 1056 1198 1199 1207 1305 1371 1379 1399 1568 1586 1642 1677 
9 17 22 24 28 48 57 66 67 69 70 108 111 127 174 205 261 263 337 416 476 483 536 560 574 679 819 823 841 855 865 939 1107 1158 1186 1192 1250 1334 1361 1511 1582 1588 1651 1699 1745 1757 
5 25 172 208 236 295 300 411 541 564 654 655 698 715 761 763 826 836 864 961 1032 1081 1118 1212 1252 1328 1364 1373 1429 1441 1479 1521 1532 1557 1649 1680 1792 
40 62 85 121 177 200 226 309 324 378 419 445 451 468 470 480 481 510 537 585 757 774 840 872 918 960 989 1002 1015 1050 1061 1067 1075 1110 1134 1139 1153 1179 1181 1183 1195 1243 1376 1377 1386 1527 1668 1682 1727 1731 
18 86 137 143 146 216 233 247 286 316 355 400 602 651 669 706 783 842 863 883 903 908 923 1060 1089 1172 1194 1201 1245 1275 1301 1327 1338 1394 1432 1489 1695 
531 539 588 648 674 691 780 781 797 824 946 1006 1031 1105 1111 1353 1393 1415 1418 1420 1421 1438 1440 1452 1461 1493 1497 1525 1597 1604 1644 1669 1701 1705 1751 1758 
163 228 234 239 274 282 340 447 583 665 713 721 773 815 871 873 940 969 1005 1043 1078 1082 1133 1184 1190 1266 1283 1315 1319 1388 1407 1422 1437 1484 1490 1558 1569 1577 1673 1749 1750 1753 
7 27 49 58 102 117 150 185 224 258 266 267 296 306 333 375 399 414 469 474 497 502 530 565 607 608 671 802 1053 1092 1114 1123 1126 1144 1220 1239 1469 1531 1606 1630 1683 1700 1735 
2 90 159 237 284 294 406 462 503 559 570 576 617 714 745 868 935 999 1003 1047 1074 1091 1189 1203 1217 1221 1272 1330 1445 1535 1546 1578 1611 1628 1707 1759 
229 273 293 339 366 457 458 466 487 535 572 580 613 673 748 1045 1104 1119 1122 1174 1182 1236 1318 1348 1471 1482 1515 1533 1548 1590 1609 1667 1672 1704 1711 1788 
338 362 382 405 425 426 563 592 694 731 733 737 752 754 803 904 916 929 945 972 987 1029 1070 1090 1103 1168 1278 1285 1308 1395 1403 1504 1514 1536 1563 1599 1633 1662 1712 1738 1752 1783 1799 
4 11 14 23 26 37 43 56 60 72 91 103 120 129 140 145 148 160 162 183 206 241 323 326 409 616 638 640 766 790 862 880 907 1177 1202 1253 1282 1414 1467 1483 1500 1502 1550 1635 1692 1739 
12 31 50 63 99 104 199 254 307 314 336 343 348 427 431 496 527 545 579 597 629 712 768 769 814 874 901 931 983 993 1124 1145 1232 1246 1299 1332 1337 1365 1426 1428 1460 1488 1501 1505 1518 1522 1613 1743 1764 
225 256 289 356 357 448 454 488 555 589 591 636 653 667 765 822 851 899 914 947 980 1022 1083 1088 1097 1131 1142 1154 1156 1157 1166 1167 1251 1295 1313 1351 1442 1503 1524 1562 1634 1670 1685 1688 1717 
573 672 778 785 837 838 879 891 898 922 937 950 1024 1125 1143 1180 1228 1242 1270 1358 1359 1360 1408 1463 1506 1549 1575 1608 1620 1679 1702 1703 
13 61 268 269 275 287 332 335 352 398 505 552 558 633 726 806 846 867 887 900 954 1012 1071 1072 1094 1149 1204 1267 1287 1302 1303 1341 1402 1476 1480 1495 1603 1627 1632 1655 1656 1663 1725 1728 1762 1775 
47 123 166 167 169 201 204 238 278 330 459 543 544 561 582 632 683 738 758 787 788 810 825 854 882 915 930 943 990 1112 1210 1213 1224 1279 1355 1363 1405 1474 1554 1643 1674 1719 1777 1787 
73 377 392 424 465 475 524 528 622 705 760 764 858 876 878 956 985 1030 1041 1098 1115 1165 1223 1244 1261 1380 1382 1431 1516 1534 1615 1626 1684 1689 
6 97 181 195 222 242 279 346 349 371 422 442 526 562 575 619 642 784 921 936 951 1019 1049 1187 1265 1269 1276 1296 1306 1372 1378 1392 1404 1427 1458 1468 1491 1556 1678 1785 1789 
21 76 213 318 351 369 386 421 439 484 490 512 518 578 612 690 702 723 727 728 772 777 835 843 856 857 859 893 1038 1044 1120 1162 1248 1297 1344 1453 1513 1591 1600 1654 1681 1697 1716 1779 
116 207 328 342 350 391 395 412 423 521 540 593 605 656 660 684 689 707 711 722 756 801 913 932 1063 1065 1227 1271 1321 1425 1462 1560 1574 1614 1696 1715 1744 1761 
19 232 325 358 397 404 434 443 538 556 567 568 624 631 637 646 695 730 735 808 971 981 994 995 1066 1106 1247 1298 1317 1329 1369 1477 1478 1492 1512 1566 1621 1650 1676 1730 
1 79 142 147 193 312 321 364 415 452 471 498 658 717 744 828 928 941 1241 1326 1343 1367 1375 1385 1443 1451 1457 1498 1537 1541 1581 1607 1652 1657 1665 1666 1694 1713 1736 1782 1793 
557 703 704 798 805 811 875 877 949 974 1020 1026 1039 1059 1087 1096 1130 1159 1219 1290 1320 1331 1342 1356 1362 1456 1660 1693 1723 1726 1732 1742 1776 1784 
30 42 74 101 119 131 139 176 192 288 304 305 319 353 374 450 473 516 522 554 627 687 700 718 719 732 739 881 909 957 1001 1008 1035 1175 1178 1205 1231 1316 1323 1354 1397 1508 1579 1616 1647 1748 1765 
3 10 15 46 55 83 114 128 155 158 182 197 209 248 249 265 297 303 327 368 401 449 500 513 832 848 919 952 1009 1018 1129 1170 1233 1291 1294 1345 1347 1350 1486 1564 1773 
194 363 402 499 504 609 618 641 724 749 789 894 895 896 965 979 1058 1064 1077 1141 1164 1206 1234 1235 1240 1262 1390 1433 1487 1507 1517 1555 1612 1675 1791 1797 
492 493 509 547 661 666 697 701 742 827 849 884 905 925 962 977 982 998 1011 1014 1025 1069 1086 1093 1215 1333 1340 1389 1411 1423 1424 1436 1540 1617 1631 1734 1747 1794 1795 
29 245 298 308 315 370 381 428 464 477 551 644 663 676 696 725 734 759 839 886 902 1042 1099 1136 1191 1263 1277 1366 1413 1416 1592 1595 1602 1629 1636 1659 1771 1780 
35 36 39 52 54 80 87 98 106 115 118 152 215 217 221 260 344 376 388 403 418 507 517 546 571 596 611 614 678 688 699 729 817 820 844 933 973 1085 1218 1286 1289 1412 1475 1585 1690 1714 
78 92 96 110 112 173 179 218 253 257 310 313 322 396 441 491 506 529 662 708 812 816 860 958 978 1028 1076 1138 1150 1171 1280 1312 1322 1339 1357 1472 1551 1593 1623 1664 1698 1796 
32 301 379 383 394 440 463 485 489 494 501 549 603 626 677 762 767 796 831 924 1109 1128 1185 1307 1409 1459 1485 1542 1545 1553 1571 1584 1625 1760 1774 
0 138 178 252 270 276 277 291 299 317 390 413 467 577 615 740 853 890 927 1055 1084 1101 1113 1121 1135 1148 1160 1173 1230 1288 1481 1530 1576 1583 1624 1638 1709 1754 1756 1766 1770 
243 264 320 372 460 520 566 586 630 645 779 792 800 807 829 897 996 1163 1196 1209 1258 1259 1264 1284 1292 1314 1325 1410 1454 1598 1610 1645 1671 1746 1778 1781 
44 255 259 285 290 360 455 479 550 594 595 628 650 685 743 870 889 917 942 944 963 975 976 991 1007 1010 1062 1073 1100 1151 1200 1216 1256 1260 1464 1473 1567 1619 1737 1769 
8 20 135 157 189 436 542 620 753 852 888 906 934 1023 1052 1079 1102 1161 1176 1193 1229 1254 1300 1304 1335 1383 1387 1398 1470 1539 1544 1559 1653 1706 1718 1772 
51 81 84 105 107 125 171 186 196 211 214 220 227 230 240 281 417 548 569 581 647 776 786 804 813 818 821 830 834 959 984 1013 1152 1214 1336 1368 1406 1430 1435 1448 1449 1538 1572 1587 1755 1763 
89 113 130 134 165 187 231 244 272 389 408 438 461 532 659 716 747 793 795 833 850 1004 1033 1040 1068 1095 1132 1140 1249 1273 1543 1580 1605 1639 1687 1708 1786 
53 75 109 184 334 365 407 514 606 670 681 682 686 741 794 911 968 986 997 1037 1117 1127 1147 1169 1255 1268 1346 1381 1400 1417 1450 1494 1561 1596 1601 1648 1721 
34 38 68 94 100 126 141 149 151 154 168 170 198 203 212 271 311 329 341 345 347 387 453 486 511 533 553 587 599 639 643 649 680 720 736 746 751 755 809 845 861 948 953 988 1000 1046 1048 1155 1197 1225 1401 1434 1455 1594 1637 1658 1768 
45 71 367 446 456 525 534 584 621 635 692 775 847 866 869 970 992 1051 1057 1188 1257 1309 1370 1391 1396 1444 1465 1520 1523 1529 1565 1570 1622 1641 1710 1722 1733 
16 41 64 88 95 132 144 156 161 180 188 202 235 246 280 283 292 354 380 429 433 598 634 885 964 966 1017 1034 1108 1208 1238 1274 1310 1311 1324 1374 1384 1499 1510 1526 1547 1552 1589 1686 1691 1724 1740 1741 1767 1798 
