24029
10 32 82 104 122 219 
13 23 50 107 124 164 218 
25 33 59 128 
45 65 174 
0 18 67 172 208 
81 119 152 156 
132 137 143 146 
55 116 142 173 
2 19 58 153 
49 117 163 185 
6 27 48 52 120 127 
66 148 160 176 188 
53 98 102 121 167 
11 16 51 87 91 177 205 
26 35 40 68 129 196 
4 57 71 180 
15 34 39 54 113 175 
69 134 135 162 
99 145 169 209 
61 166 198 212 
150 179 181 195 
56 96 161 190 
70 109 136 191 
62 74 93 
100 108 206 
14 28 105 110 147 
31 76 94 138 140 182 
9 103 158 192 
46 63 85 101 133 155 170 197 210 
44 112 131 157 184 
21 83 92 
29 114 200 201 217 
43 118 213 215 
75 86 111 186 
37 42 72 78 79 123 154 194 
30 38 77 90 178 
106 125 159 193 216 
36 80 115 199 
22 24 95 139 189 204 
47 84 89 130 171 211 214 
60 165 187 207 
8 12 20 73 183 
126 141 168 203 
1 3 5 7 17 97 
41 64 88 144 149 151 202 
