100 70
34 37
43 28
31 69
27 50
65 67
34 47
57 78
8 38
21 0
60 18
41 78
69 86
27 16
23 38
8 17
51 30
45 17
2 58
38 35
44 73
26 40
53 70
12 60
5 34
30 49
49 38
22 81
51 64
8 41
52 57
39 3
25 19
48 84
49 87
58 68
33 75
10 42
55 68
59 58
3 80
69 26
36 96
28 34
21 46
40 11
16 82
5 21
3 59
59 86
5 7
57 73
9 63
59 53
37 19
51 66
10 66
19 58
7 30
51 44
18 11
68 24
10 26
23 49
52 21
40 24
7 73
46 17
4 91
12 6
7 18
50 3
18 26
51 83
30 86
63 36
43 26
69 47
18 65
59 50
9 99
41 87
15 88
49 72
69 34
8 21
3 58
13 18
33 42
64 31
34 80
51 50
14 83
34 19
9 49
56 56
29 75
21 15
46 33
17 10
26 46
