2300
5819.461677652039 7493.906418127768
9037.967733550204 6493.795276990978
7077.4441479731595 1032.4635409443251
1057.1166417943346 8453.96454409016
5513.55577574259 4536.982188226864
2731.7641255096246 1290.4683879999357
9540.085797784717 2641.6666054973316
3825.515089107964 6822.52246457389
9632.721310267358 3661.462585252485
7983.262570541482 8097.353741012898
1304.1187734186487 6963.571093923499
5939.322250491572 9173.6741173484
5980.420107791001 4113.858043642993
6014.235977212966 9750.324982101116
7848.3921586596525 6373.428585689895
8183.087898432662 2803.6590764721227
4179.174613356007 1849.0672275815211
2614.239588689814 5273.178720427522
7046.0815615916035 2696.9061888744795
9517.512877523268 3812.10946180369
9375.008569453785 7584.444030497476
6757.702873025006 3186.716018398953
7983.303330586685 1320.933348510961
9985.007577181826 742.5292353956314
5525.836281575212 7776.976120339468
7919.598823803645 5160.2663660336075
1957.0268118293877 8846.897475433048
7956.546341746506 3680.5527214324297
3237.0634302933663 4758.142067731446
168.51737138658063 8449.577034402118
6296.190413074447 2641.5826376798436
1649.6681774571998 4967.707496637727
8160.241757693426 596.368181363014
9320.856142546892 5091.147564275355
6919.185433988031 5047.297254229349
5512.698956861021 1788.2075266000375
9398.88820791566 8461.55671556383
7540.023551615709 9950.619892693729
9239.418683353686 8379.316032180444
9537.559833580512 71.52408460107674
2711.9222087410344 7448.282499850589
2601.6582277519474 6754.881816634131
3514.0594081502463 3103.766823485964
5293.744856298143 9584.05272333289
4443.909105746798 5202.853312672014
3513.802237978416 7424.313607776749
1277.7807312179345 5439.449114190678
3566.4865049748228 8061.066152887165
6849.261030100534 6290.722349213152
3936.9901830961394 2701.770219138452
7981.838945809238 3980.1585177273837
5966.097242794059 7144.860506461622
5933.746056649458 442.0680349883377
5677.726128814643 7870.424933215659
3712.897817309131 2045.4841354957266
8117.368384740476 2831.2178652226626
7278.204764128229 4570.211759420097
5615.27948268061 2545.4172733041005
9932.946796355429 3243.83239460449
2444.399604303268 5418.484989190252
1159.457253710925 5968.162526866669
923.525904601189 7859.222478041502
5266.55844826305 1153.4552728295512
6542.657865676691 4607.230685531174
6480.934284233109 5343.23674864995
4322.45630046923 805.0753739586958
4076.8514061759874 5255.256406266012
7974.648653713996 9371.621111265256
7047.930010120214 8851.649101822864
1917.8163265143944 4011.9188815713346
5289.002603845695 4872.271289305303
6885.90654992345 4706.389781798519
3507.83747558537 4972.030069840653
8158.367637838919 5856.8614656965465
3065.801882871777 8972.877555699968
3378.187667351439 3983.04794730468
1811.1085291671413 5210.966447598098
4771.706343505737 6614.201795532185
5771.187518575989 6763.957386794855
2257.8842561633815 2922.0465147115606
1956.9736528516878 3176.7180104149516
6002.291039800705 5099.647964281419
4096.997029717299 4199.0604986788185
2212.2489524117104 4299.3661286886545
2116.6332225100114 2732.1653022218215
2150.9805874205267 1219.4310648328355
359.11758068084777 6575.204560038858
3995.8692441604526 5622.771475896594
3639.1245343467517 2967.9975124817315
3481.426274084337 3579.642229778418
4058.1086667193854 9545.637859276048
8456.2975323554 5245.292534076288
2280.305720276574 7170.4236192976505
2197.9603420027893 8297.739468998012
3604.5661130760755 9483.079615609415
4286.517987601703 3087.096939270405
5658.594938315548 7604.516457370214
692.5863121996279 3870.3668654069834
3905.480289202564 4365.9784747967715
6314.432200309772 463.2466211715236
4191.108674954152 9553.182068926473
8443.837836175304 9248.761529638812
9265.867551081696 8363.925577336235
7986.634621318768 8537.633768767186
1611.9100524822738 775.8863775095725
864.1056126789948 8676.104322590632
4825.56632967075 557.8811543668094
1254.7446187533262 8751.432232525285
475.0258508267358 3452.9532499091188
6557.930289061041 507.6817067809347
5975.984103211616 2837.8606088858137
2108.2812912087247 417.1806279055923
3207.1630021445117 1117.1654312010814
2539.2377481574204 686.8899792073057
5216.929075822731 7636.951068148184
4224.569483899108 8859.58569990825
5584.136756465462 3223.65143806989
9081.406361326426 2955.7285977217007
1871.7097607267663 1260.6836719233704
9850.456652278606 6473.957554061093
1651.4951616877938 2929.817606589471
1873.2688638400464 3447.6459398823877
6685.008517602683 5219.106934321555
2057.784691018507 772.65303147939
7492.792704522711 4797.484274012034
7155.995561797059 5779.499745454628
9730.451946652252 4131.500769382997
3889.530535710244 2737.68322926761
6029.359529382689 6784.9551428739405
3729.159171938806 8856.709973508528
1731.1370183926267 6756.57350809633
5579.320788375808 4680.220808182076
7451.40289055884 2074.5630097194003
2568.6308844832683 1747.2037668618434
5743.898989506953 1385.9263335414596
9920.030977557339 4083.1872480988827
1785.5746757277868 9298.552939245845
8868.040359107501 3992.281115391487
2525.7497057753976 9151.599634004278
4303.468694500942 6125.660214173719
2446.767690510735 2023.0141884699403
3868.0841440453496 5033.908850348071
3267.8440766850013 4666.351049045493
392.10866009275037 8168.11089020556
8852.6717299351 6794.551868170027
4992.5597008204895 9004.81555986732
2120.635226768962 1926.0834249478564
7594.303556181481 9321.73549260727
2088.835973107229 435.24946625513763
1924.3257811020942 8560.385236461088
7366.538896671843 775.8255672231662
1590.5985350885842 2573.957726565542
5736.785786326356 8566.173839774874
7750.47962206862 592.4298048521026
3247.6218076946375 3058.5984822569267
3274.2092594586147 5754.479310684025
7472.787638460429 1748.9083132221517
1420.1368213903554 9440.339508505876
8167.068270125111 1485.0232342718416
9497.476154691376 4925.393765996462
9114.616987706155 6446.076602861342
1301.387274910929 3766.7995786436427
781.4928800315113 4442.366260778759
2617.687692087325 3206.711873069631
7722.645464748694 9047.058311700815
4423.7552285037955 449.76762361960357
6377.060764288479 8775.78531261338
8703.318840348622 7463.667509729256
1309.8942546408844 3532.25420103467
9782.720540698196 608.6335454813441
847.1866079084289 8674.933472089513
2669.469276154702 5911.296166220691
3414.3993165601773 9025.620513066844
8279.240006284772 3139.1497800374536
6483.402207334839 4777.265023007369
8396.604688176049 9963.976705162078
4495.167474499947 3597.8504136265356
9049.875734158157 2405.8564290571417
24.97841066317008 6514.883933065547
5572.57925847864 2256.867523886128
4644.769908935049 8820.1482874466
4737.083932855831 9598.798098279858
9266.11093491605 205.81200843365232
6253.800893525823 4957.470872044655
9322.528779124925 9789.182352238658
8942.843476439604 6666.559385467825
1301.0756492948383 1014.4409361280505
7356.0298617876315 1038.3133119961951
909.5434819485937 5549.677687466959
4450.062313849815 6288.68721272954
233.42648483689055 5951.608701453291
6732.783463842044 5728.031009056272
322.3397365055358 8435.899832246781
5314.263772693367 5148.842824931567
9223.016608246173 3851.5463457302944
385.0187578606901 2917.322819455368
1719.7669883025612 4212.455415210155
820.3881106915145 1400.2743696818109
5922.52242862376 6285.182134758011
6568.366955630406 8315.912310023901
2147.1752215563743 9743.639051437727
9134.434405980242 3930.0580250871762
5778.264329666459 6892.696103607236
2127.347448176595 554.0314496379584
6104.731932904774 2421.8365754528036
4530.119832964952 7833.15011791548
65.63477369760595 3900.1572402197216
1988.9325092887543 1892.6353642750737
1328.8425912374503 6437.05228000062
2244.577626404567 1732.0823035859944
4996.460085366865 8650.500288165156
6780.969548955307 4176.8964591134645
4018.9926765247965 7152.152620324673
7846.855315247202 6782.340620747347
7843.919203032928 2547.2305171182206
9873.547883499732 3542.0659816174502
2415.637425021664 9802.704851138384
7671.724100022934 6515.514778661723
2512.3425549191156 5469.262186067181
7221.515094934052 7638.831226908018
1682.0833931848179 343.70340559542024
8368.101266490225 5224.14670498275
9730.904698604692 8579.558811083336
373.45034822448883 2129.6134851355987
3244.498408775186 7157.982250154632
2211.616971259148 7533.297941365722
7093.541523084104 7397.272235343218
5465.713971539846 7047.029958482683
34.5105274590296 6228.205832605157
3301.4022559447776 8961.582178928207
1432.041527797896 4766.537681773033
781.8397181469561 3955.233708048308
654.8254322787107 5524.8484513716685
9585.839447101873 2237.711177045919
655.999085944633 6706.280004173743
2920.4461317030596 9337.498482899699
6438.785149959058 628.9553408055338
8627.370544293639 1544.4275043409705
4690.48199304801 6043.272836573073
2118.795122418048 5981.880213604653
5860.208492101554 406.4973763204316
8543.50347230193 7437.302025021409
9471.787504007085 9645.160464811232
2761.5881353694326 1172.2615788709622
7085.968626550443 7780.276431577659
5930.755575051277 4384.097031439749
1953.2011386704928 2566.3848324971027
5602.344248869633 7341.310063799168
3546.9255656739197 2086.5907731612633
7957.493508065484 5711.67854447872
8759.935566089087 1446.499447377001
3459.409185098383 855.9399703146842
7204.049834554989 2186.460761651615
187.8968304252182 9930.612917961518
4270.434963089126 7764.376513233295
2717.8918803788742 3411.17988898342
453.489146788294 4965.459830379047
6625.358547641886 7232.476720526588
9233.663003732974 3221.93081863012
7856.670979359473 5842.8067058797005
9038.411327369595 5394.480672408893
813.554948792482 303.4251643372066
6577.427203831572 4046.4104091033405
4825.464532986784 1249.345764148322
979.5924512730946 2171.084060402938
2239.050657301467 8419.223998993904
3645.3678083564964 8075.895545524272
4129.268482930713 9387.041137021286
7304.592725157121 7926.810066238176
5945.321765577445 9662.913620191652
456.529419462931 3629.9731773875733
3302.9649962219796 8353.93576116553
8182.523162699231 623.0795763888419
6589.860336918147 8136.652141650573
5095.637971220158 6773.3972001653965
9853.703549220047 4069.9882817002986
4993.91740967942 4673.509516458999
3267.47754012815 575.9928486624876
347.31213302015675 2630.231670919718
7794.4581578525185 1150.6953199481718
539.844518141429 242.63649940917898
9341.889374913217 7462.53859644778
7612.064566412817 2164.1384558873424
893.551141570409 6024.281166638751
8246.973483965794 444.4265193341246
4017.1879026215606 4276.6108755501355
3875.1692887678955 5767.161559038823
6419.232371680554 5953.504214342953
7072.435423962072 7531.464699185223
3002.3018044828955 1595.2577958693125
8541.152170897089 2745.541652205541
1813.220590575062 2287.424407173161
9336.43431332186 1885.2756087780608
3174.3690330878426 9652.702868078033
4261.427127822267 5914.166530703121
518.4900813163473 7157.659851102279
6017.605055828691 9527.463608470389
7330.301799855362 5389.434661957822
3297.190166342253 7661.405655781841
1632.0615375550208 8803.20605475606
5246.049658238044 9038.235001125719
807.3017108849112 3804.7653286993354
6595.641587994781 40.85549867342553
74.78239373450934 926.3399298015939
1310.3483109060764 1818.7705744872485
6166.854072443677 5482.786613991223
2670.9497273934567 3346.770681574198
677.0138367601796 865.8150619629535
9359.935425893302 5406.872003326988
9659.899583041284 1498.887267226584
6881.293038967836 2743.880407515492
3556.816090031182 3310.077512629763
5228.624107061733 6195.943659913359
3982.8049782159524 913.2854880852459
1065.806698719688 1343.6887853798485
2238.070324816289 7845.130053557381
7595.067646596907 2354.8702684137725
3144.976948080974 3484.793391905453
6039.891032172046 5359.651604557
6291.283026648746 6311.12386168923
8177.379040612388 8696.02209752699
8246.5812906271 769.2411328328841
5425.732871244265 1309.0796317587628
5071.772226942007 2378.628145492654
3840.4708998498018 5112.986343247889
8805.028111197875 5993.800883079099
2105.9456068691497 8255.389695829032
1568.9089852567927 5515.334809166738
1519.4810331535014 8239.894981213378
1015.9051364299332 7772.3610624724115
2195.548037455316 2218.1313121425883
2116.8516867643493 1494.5042254017992
9293.297873694535 9907.742975787382
7720.68097596931 7227.185704819343
3094.0401360578153 1078.8936152374572
977.0766220780736 9106.238811086447
5082.037775700247 8110.919441470193
1063.7476526406188 9801.062687676767
1308.8842127284418 3035.2448579752677
1913.1790680835159 6361.0665962916855
1782.73262899602 8821.450510933235
7110.705285189649 2920.2769279543595
7479.10153842477 4651.773656901136
2203.5148504972367 5211.427230098011
5615.999738802492 5277.276298580022
8616.520705126153 1253.8227848547078
92.1871075805336 6363.566858818971
6028.394199421614 3396.036543509816
2482.6227049651475 1022.7181403626306
2346.4709677930764 4944.118453328434
1262.719386993133 5444.920869482405
6944.8123720226495 8587.091133795102
964.0913771766458 5140.122083007848
1305.770917665191 4841.368782179822
5769.963303699513 7114.444639068991
2746.1996063214956 4030.46163530834
6707.0093653931735 3275.489993979246
4095.0369716959613 4337.488552353844
3356.6807850573423 632.4624570702142
9698.053841838228 8566.477131917614
3050.108027559819 5594.194462130999
4929.730329409496 2463.35815417271
6513.075366481194 1038.0971644993008
1554.0803765769163 4892.188693681632
1863.0600241294483 2431.8926857580545
1243.033539760714 464.8880972645142
491.4796917294284 3868.268388624477
2226.4579739645174 7104.149369875824
3903.8383547956255 9923.451457672189
4346.791203404426 8693.57148694841
8199.067137823926 1134.2820969004774
7503.153820939884 8561.678230031399
5736.803501973539 5673.321475266395
1807.6391154024773 3446.806625083918
9798.96896016206 6214.849652019198
3560.8656946567453 7755.937599638475
3768.6344982085384 1539.9194174638187
3509.0567245289194 5820.197419406292
1207.3706884056746 5550.4258399356095
2995.605389429371 8024.659633954741
3935.436418387177 8191.807403927151
7472.170301745839 4109.311357838692
1849.7041090185073 9017.504379947222
1830.7297765370656 5096.052600814205
7400.852906321371 3026.791284586098
7477.149616263818 6941.298539975022
3726.204974716835 4396.610440342669
5053.601370497923 2583.196251057972
9618.161010919677 1585.4566883429754
863.9760653770323 5098.191176433256
6167.476757421922 8133.557661863278
7923.518200068333 8834.04460636764
3396.348153278287 2917.9006641985015
234.4372909718573 4597.609659090627
443.271961011027 7825.410603573595
1839.949532926558 3229.0155323482204
588.431902827593 9034.100891577904
1697.6389956338955 4238.589676487282
5245.006486570362 4329.390954158355
7651.842953540346 8664.007875414862
8297.646677396917 3793.642439289606
8266.576004354962 3792.160786326125
436.83708736231176 6044.900110458805
7494.11925308127 5447.735360467502
1606.618988501618 3710.62223377752
6222.899874061638 4409.1056321290935
9831.30814506249 1927.496025406249
7350.505273176558 4812.9214845922315
2184.151126438938 7334.773696974731
5630.460933473352 2179.4355490765593
119.91620393770108 4615.816621213503
8724.261396453418 3593.988777541438
8147.272900023103 8681.937399694878
4384.9787726165305 2492.070315344055
5594.910723439869 2110.6563863859265
9787.842614307805 4980.494293988765
9468.165337924578 1775.477056995314
1980.5413860453846 7496.82161449895
9524.242929779684 5537.503823825057
2742.127107399034 8985.397880863298
5782.4459545806785 8413.629143981663
1572.2640285442435 5700.12282010779
6960.937962963749 9147.793749760873
617.3114801323021 4886.565606240143
4393.933817364932 460.0061759464824
4636.537873385918 2752.2711467811787
5163.53794052724 7697.237430854122
3968.546122544283 9494.955269752054
308.313710157625 5034.356714407534
4360.330154247708 9214.949463451545
6171.541878254156 4112.640684160434
7192.974202652444 1086.042716671889
8887.435259167096 8933.481599184759
6312.729490398812 7889.582134651665
4291.07747314857 9066.531211091047
1232.4504175803052 3218.6292267174067
4200.21299282638 8898.00018310754
1379.6085409621273 8160.338406544466
5178.564581282988 8368.827262500541
1354.7087777150703 2234.657068575018
9658.734887180417 4792.193065526623
499.63062776396947 5639.325015162698
5908.777075341078 8453.604927091157
8814.996885767972 5208.238685087858
7206.41863767196 7015.862663339575
7316.589406182406 8078.544149151336
9207.243479591483 8928.334729544413
9630.660310251367 5977.075870059469
7412.600837107029 1810.7547840848026
7429.024566295586 3713.0713576222297
8592.150563511996 5302.521226633
8378.81953194826 2001.4495320283509
4026.00984763549 4542.32859307588
6051.506448932121 5751.2278333998065
9109.616556114635 5118.143058930872
4481.467613424322 2646.153721279905
1132.116385774219 8233.812843951859
1396.4562333880626 1324.8881403584855
4169.44669702651 1159.9757274587719
8321.047028738076 3554.1457823675073
6544.885494626451 2980.7309535080285
6556.154045176851 8466.751810320811
7625.122496646083 8512.457190011994
1368.9254471015045 5740.204887962115
412.17765351081795 5418.653923025161
2089.862153722345 1297.8619311149964
962.2359007311221 4415.50406010646
2129.909809948354 3232.5438566518983
1686.0782389208362 1716.2580851889898
3028.1524579615616 166.6683520600698
7545.990311068288 1292.6188442186437
369.2823377278598 7853.397034341832
645.9706547310695 6963.588222986769
1042.7764844946375 7426.673969889277
1169.314843416681 1782.1441433454943
6956.336740065846 2722.918968524738
4671.695706923742 3196.7412637109082
2450.3749122472673 3736.454304160276
8070.7091181492115 6795.105391043637
1693.5835962278957 4699.521883596723
589.7102792097719 5281.599265664322
4303.177488184635 9361.245490554893
7634.551778006194 8052.702909748277
8610.451202793382 9448.814720540204
1136.0398341991695 9336.143734712823
4771.287688219065 3852.563541202433
1140.145103365311 7624.94024554229
6435.273625491862 7718.953979206417
7473.771353710057 2874.169857398755
5042.127385029122 5887.658575620948
597.1353339439434 7328.087097987973
4743.876279910343 8803.76297016956
4446.232515258434 9168.0030775396
826.2135415533178 6580.882776247677
8029.057641073607 913.8548935273017
8112.443607072858 7503.291678654796
8049.4458385645285 3023.138353670678
7880.073970672315 6061.3701522544225
3805.8309898189937 3169.3065769033046
9301.993580219416 9647.454304939703
6993.752920210843 893.9021590800355
6220.767690896196 3579.941894062151
7464.688080914182 4497.0817686715745
3146.551866354358 4292.389852721181
4027.1842422097725 5861.163533816397
3766.8106126072867 9606.552878510418
333.491107361058 6314.258456502746
7156.932897606084 3787.148756408193
8802.831392598773 2827.0731815441186
9155.34570766847 4265.27390176581
1187.1206441079073 828.1550754099809
1777.5071861491354 7635.65382113365
4332.90531930426 5033.005070254952
1765.9174705902635 4455.391978532231
9868.129848227762 5796.230002381095
938.8193994017469 1721.0369220027499
2872.7043203858193 252.45100882451575
8655.210872562213 561.9694053010904
7069.864185844047 7421.384627892761
6614.230350350875 4503.0181760668665
4906.561804380576 8646.851479887218
8393.10231923154 318.02124932813535
532.9707366778069 125.08592282132524
4860.704622693482 8840.052279540205
736.2204893586255 6160.981984761045
919.8377748234709 3850.3919111610107
6439.3684364807605 4213.905094167415
3832.1105767961526 4830.963938455952
6361.631709966115 8499.6471569889
551.1677250803493 5390.573541356976
5694.753209813402 2895.4473436380213
4904.621625067236 98.54401508318067
8957.689105997799 8230.972210537744
8393.570758430313 8477.027460296844
9020.218318508201 1559.1387126950217
1757.8960589104786 72.42010976391433
6354.918071275586 6858.589667248978
224.69050210018105 7794.721575951644
3965.151640685086 9968.013969402858
7863.878862790399 7992.174040531534
6270.0455017580425 4514.432290253728
4979.926878659458 3764.347037892387
8022.8552133100075 9794.740332009402
55.71657983596601 7144.3660123539585
1193.0456888480635 9546.179705135706
240.42779772045276 7642.356748482126
4784.900108325287 72.23209994649204
9914.007385698935 9708.737063139055
9730.149999019437 3793.6718050623576
2029.9352309700525 2924.2244712360466
4315.001748177698 9812.233359759883
2430.3844952915188 8615.453521823529
3764.0947994531416 7444.495377511364
5957.167721851924 5514.053626309714
9251.151111985913 3401.7787127785236
9224.516640536602 2668.851764060707
105.94571396066344 3713.7039739468382
640.5860352804948 53.18507242171755
4772.230700024317 1045.539533202996
1979.3278565332694 635.8947535806136
5010.961916358825 5778.221291831642
7141.85599285675 8465.263514760933
2984.396871526047 3138.9246495012203
1051.8945260104695 972.2329899720494
1993.3976772585227 7975.234086706292
5811.739913221419 7288.721143186948
4410.808064376506 2486.0955037178555
7699.101906182214 5516.118921473795
8875.116716218261 3307.9227678502034
4764.347631734165 8421.61350687444
1796.7867657135994 5092.085509007868
3227.771522341949 9929.087161573741
5143.083830992725 269.0561427370075
6543.649025147891 9283.711176714147
4192.567859158258 7686.752250886438
5359.052234819138 9899.280114529665
8393.8064358369 6700.433875288269
3038.806974406869 2209.231581319001
319.86628663714936 9840.509146636783
2200.3339959895475 5880.112302749763
6640.3273252868785 17.024453209348867
8706.169152238006 391.3140704888474
1816.5032163669869 5204.226532507857
2303.701417250371 5349.660990791417
2325.457294446164 3551.5807575699732
9766.023675453449 7468.451523021433
6772.475234592747 9248.551176123003
5510.089211836271 6717.732431308581
6469.36054526893 3265.9564639352
7325.51052222112 6095.598262556987
5962.767461697523 7342.760365071141
4022.5941838996437 44.583322253468616
8006.703031116762 4383.588229025336
8055.984740569438 9018.647136538875
8034.822849369668 9904.035876306665
8983.447077836192 1071.3132057056662
6231.397902825087 1825.0372682470518
2965.5373535563513 3673.7020585779787
4980.85264869853 7273.515131159517
4159.70760085754 756.4799770614527
6428.542694421717 1254.7563033316978
3543.619791600279 4784.528534546964
4798.316124231391 7943.665609174413
5205.22119087638 4320.779744476487
2218.9678715779905 4822.695659670967
1567.4604344762965 3425.0215603133825
7159.146142021346 6033.469335253493
4666.405474986736 9307.842055439614
5800.037809883493 806.4872423989866
2925.1678331535068 742.2964799236753
48.450515857239026 5283.118771625645
1931.116064837818 9257.654263951592
2000.6519304963067 1390.3178645040105
1240.0496315355701 7207.766719172371
8445.707434596156 7768.043863788595
7136.665429299664 2689.434203073421
5253.677213754083 3838.341199230937
2580.710689235276 5431.936303727096
5709.30387876065 7873.643831670305
4787.747626901811 9818.32875588972
5059.483211610526 8568.824427321102
6131.515744556774 4349.756101771066
8276.65815093389 1822.4937227432204
6535.101557883069 9264.92183212045
3806.574663860932 3433.1109835566776
2325.8128456075065 7073.5907094319155
40.82849595344773 6521.986081048971
4177.779657167189 6008.922167760696
6311.692976893032 1923.1867280182869
2743.4647505457933 863.2076892790575
2180.276179586683 5633.0031634466
1998.789210951648 6025.62002551458
2269.5499488784976 2715.7285473644065
9223.106042024867 1071.8019116451171
8128.976960043246 6694.340550264654
6506.214545339601 631.111619055339
5667.609413634868 1023.0537695219155
6915.24875656031 2604.647790290936
7235.367471386559 302.68943870962795
902.8877248983757 1997.8935840009015
31.78407242376835 6226.0983778818645
5281.475218389527 4773.113755161111
528.5436452113756 9308.387128917346
7961.342778957011 4937.541613906213
4146.206161608797 1541.2046465967521
9417.148645380252 7901.664679644171
5813.0714305134425 8445.18169204272
7992.050843703244 6712.838421921052
2565.284383286537 6459.60771198052
5263.96267299342 8718.133611810053
929.3252395440721 4394.27717262473
3551.087119710542 9953.530408452409
6520.332207210635 5639.156411554489
5871.127762731997 4002.824790088809
2051.878920275174 5720.806943340065
764.8662580541499 5822.809823394918
7720.072154667019 2735.501557911835
2329.5816457248943 7373.865300657477
3328.118266310358 7652.356519983804
2158.286654685275 6022.16736956689
611.7085913522136 5060.693108187869
8514.339244911773 7811.318240860425
4693.145825982305 7060.58499977114
9434.781276029174 6940.072806758147
6505.651685428712 8107.658574412364
9876.128552167824 9934.031572822363
7684.585126598648 8647.532167198686
9984.99419940294 9897.88927510798
3285.5479391030462 9329.771571585828
2410.5931107071165 100.32759657932377
5564.6488584812305 7781.647530920161
820.2517816974986 1753.2740263452174
445.06535455386074 6142.825868335713
2350.739549776989 2167.7710970433227
8075.239032216229 555.3991937692049
4742.508826851586 998.7905840542721
4247.500521429008 8746.84671851185
2138.652612362616 7643.693649073785
4237.263217384892 5755.358132390118
3561.4076300734964 290.755226489402
5427.9488932306085 6270.57074828691
2575.2707678764355 7954.470637364361
7075.738958284411 561.0424061236507
6550.570809120564 3775.488783485933
3417.2801364750903 3043.690276413773
938.3898120886347 9702.845020085757
9280.209408581144 9668.650121107235
9313.764533775331 9820.036889673536
2360.702301696412 6805.140572954372
7266.766434797206 8863.069903735508
4875.1583633300015 338.94061487787843
4991.7920443241055 6444.924341495053
4254.35841608608 4150.9587448172715
2518.984579071146 7217.982522399241
8989.024284913217 429.51266657574314
578.1210536537118 4624.1682754581025
257.01255147126176 4184.7310832884095
5715.3862498788485 9156.033713945899
263.90207165952415 8122.461383828131
2614.2608688757173 6421.305288732065
4024.1219428011277 2644.5837349514813
1978.5690729193207 5096.104002688223
4549.869905428896 869.0205991806143
5874.9722391424075 7237.666223824522
5801.799090624004 9652.027602399241
3777.7737827551905 1274.6574887200434
9050.875635146213 5612.366163109324
4349.644801160221 5256.244349368248
6265.782433624702 1174.5366524565416
6906.562488974359 901.8455286824401
5217.656557145099 9171.75951364182
6808.488000210619 7752.3012826574995
8896.319540859058 50.648921032798725
9521.762250567162 8112.444454872708
126.15874287384199 8333.863929332958
6868.331913587029 9835.397593857166
7268.099912411325 6854.315395038142
2299.928094620618 5201.807798415486
7491.627773487698 5999.0646712015705
2999.8130032745116 3615.241823167599
9830.207408076723 7504.058123865335
7195.944618100721 4535.0583926304425
1191.6945332979078 8230.631455496645
1780.946095556667 6670.283869322977
5893.452163164049 1547.2151981272564
2791.3460535408085 892.9508699357624
4570.3598914105205 2585.557945315592
7365.996190472512 8923.829414639586
2739.9729705585464 8936.941873845191
6726.959525575296 9454.802267946126
8571.913391487959 3683.560771108689
2308.6031975690225 5709.686708809081
2179.93367950422 7887.252011359204
1968.7761687475936 2300.286141580504
930.6974109165334 6547.995609701204
9806.60485795918 1010.9717993759704
528.7569296904404 7999.757260344351
2212.2383445249916 9161.46025056982
5325.992211432654 9736.151350414313
1320.3172081211155 7353.363719220502
9195.322430218404 1893.6680499891722
4200.361680508403 5324.474237309192
738.9642206649694 7783.942026468683
6846.1037848830565 9014.494615808388
1243.6689865942196 9821.153305106649
1607.4213896498557 4936.626815854127
5893.537696599034 1067.1699549345838
6169.890800708068 7590.243667426462
2612.3928912651295 3850.268817641975
9139.07765161177 4559.26282114178
6432.754416449593 8959.81307148923
1946.7328868655266 4151.628283725891
2416.2495582810993 9652.941895083335
3892.1863946975764 5332.806189910918
8255.716807814684 6972.661621634281
1514.8458529205977 4846.639067187161
9015.715869251453 2484.526293678303
8467.240537998297 8166.480394310293
2977.073114767165 3233.344602119671
6508.298585282962 9931.616644351838
628.9827555873873 4737.192371724428
3325.9752411870245 3657.1374220924113
9942.869783914652 4294.559492363067
2636.941395731104 5112.179277813383
2820.2257179623034 1340.7406931790367
3791.823341306051 8053.55165531628
8038.53207798254 8303.47323378076
2968.8377747230975 3498.715751423721
8337.58618475517 9715.761280787243
8780.090715158403 1364.905051474894
1499.5009131912473 6695.157774915477
3386.413112247405 2215.3930503387687
7047.135283681313 8397.512552407163
2912.128057879758 8871.401621612371
2554.839579106686 1254.681067862574
7118.54685141844 2185.9403087575315
649.8591233171036 9442.610311361204
87.57158271576304 4629.950210393971
5011.72969730172 4579.310367504149
5942.927325698879 6915.413419832481
2642.9948902859946 4809.084049041445
5406.0879924915625 7172.590096513838
4489.892465318825 7789.718805827018
5543.049495941319 9139.203749477454
5206.755240927327 6883.744305215751
4105.000468980672 9262.834962220017
5487.268925150615 6176.099202618805
9259.489940776146 804.4927843679139
6329.03395352357 2484.6918195266076
2764.1158812053623 5059.25244408296
6689.148757459763 4705.866939625265
686.1427534900788 4710.753163144782
7802.546552971246 1299.4018216449465
8659.698316384567 7859.448929310727
7124.834679633667 1988.5821782027701
359.5649281522428 3424.6776629336305
3215.561456334417 3070.564061539697
9171.815727987438 4057.26550587299
7054.395417760097 9343.823305621765
2223.335331983701 4253.951535174952
2293.5156866285333 8373.356991275898
5358.634110255547 4051.1081682111185
8677.622880862873 758.4099565260038
6162.768314257635 6819.883119465498
9949.185065378691 8527.211263184055
4405.987945055202 9338.249567491908
1246.8328124655325 7813.858882616493
9510.80102885966 6912.43689657505
7115.805113837168 3788.4067273744627
3193.8718096362504 449.0881698693605
2548.524048392452 4029.101664260828
7435.467955621011 2222.572932992386
5105.379972414969 8327.330983708267
8455.331815998607 1011.9409992958595
7784.563055284216 5933.85811677734
2947.9671760801616 8766.641771723884
4525.8434983497955 3964.1621678184424
6589.960641024718 9916.207019816206
3258.459526420732 1859.2357341395716
2984.28804275338 9415.291470990654
8535.171485808643 8982.491064472293
1326.9903069598333 8578.612743406857
5645.2661566342895 7286.952809748677
5639.225288948293 5893.820423718994
4811.47449950428 8060.243811766494
3257.020147015598 9734.094859780906
9740.720550523221 8641.729569423467
4071.34753365624 3154.0120926843383
8139.095104587445 555.1546953636466
3623.509507237026 1317.1855606575743
3314.5349749298803 6712.834429628537
9820.615144795142 9807.589470358607
7429.724175469199 7896.026659664365
553.2500548764563 71.73702705365548
6903.1864413935 3352.237446454006
5206.307493199376 716.5221150641132
3181.2855419637976 8902.312405060911
166.67391643699904 9453.480966625364
9543.445025205303 4755.489619544302
4755.75959948907 9623.22464155021
4962.180175055355 2215.572391966355
2922.120949528817 3739.8404316910705
1238.7370056366199 7475.688933320797
7958.9115168233775 4757.251339293939
5318.476471991804 8857.434251392751
8980.565741781642 9450.793632160538
5136.773964441619 7650.734585904647
7650.819221878049 6543.684015597607
5247.340155808471 2207.7317195999535
504.3123726085041 1147.3099664791498
462.4244054820148 7335.352895840634
6312.2756717840275 4722.493465653085
6404.221520558375 3570.675299964233
6952.8309162795695 9961.063977882339
4586.21608595393 4185.174423766528
7033.068230982138 6469.785320534297
5638.650341255452 6797.644860461891
8424.546480167548 8497.308224861434
2103.6171152551487 1189.915907757958
5502.598309485875 370.02382947451173
9384.115748838596 4898.152883852249
1712.0375477609396 8472.303220550022
7056.763930178957 1321.8318137241524
8497.801779992566 5992.681417823595
2889.7781952182845 9922.143500120657
7690.0650771568635 6632.441230113115
426.64655888378536 8344.554447588715
6608.110044511974 937.5473171825055
656.7354768375822 7327.311865169209
3976.939163693759 2379.1931968038903
7185.041113791225 9526.534415904665
2200.947842823697 1447.7108056223465
7962.484464525975 7579.571335558521
1446.2697625410515 1438.2014289271349
2566.6798355402266 9631.044037800375
5546.18493616769 5694.805775526812
675.0918787911442 6135.506792195375
1471.1131387193177 5183.676653335324
7942.806128835566 638.2602152803496
2370.410755992832 2333.5673176899595
8535.975392770737 8355.942045180922
2726.4134416205197 3025.0217484203913
2368.1046485228817 2263.562566516548
4715.6678164244 2240.6469873621104
1267.933443769843 3608.0846985561634
4811.270631852762 1898.4072189694978
2467.2171295402 9068.530702310814
9202.727978266103 6284.6570335529
8164.931352449107 887.9384448675365
8200.173092720372 9851.647330139724
7250.8901759651335 7298.433127224501
1175.8039974875057 1138.9087439440882
2993.283200208435 9776.676969763637
618.4889938024652 4011.816942504961
984.0785364856786 20.943655611732616
4718.227244150943 6348.730229654069
5753.077431399412 3656.2715853745185
2596.5627418935 9413.549501903113
3995.9170860604754 4616.458334153382
2415.7095743334044 652.1236820226828
9711.167308557357 8303.213193824438
8128.912252323464 2235.524919164157
3157.550778431062 2863.299248639097
6242.795813635743 5413.582168439039
1860.5979648206383 1852.1961532457453
9987.483252853604 6923.753087040555
5893.171885650622 4398.556074969575
9199.144560074154 1800.7980436098348
1404.4552607018622 8800.644056291272
9048.642230524943 6702.010731784659
5568.146865015588 1534.8990279414966
6001.990366161839 742.3085825900422
6386.548101215735 6449.759357130967
7835.448624622472 1187.9062713394871
1386.2873212245563 223.36348266895456
2484.310999934939 4285.516889255471
947.738934269825 7592.810753655745
8739.780683577465 2649.3573911422454
8038.340220559063 9927.255818029154
9660.238460768598 3415.9817369290813
7365.208831178483 6434.206519558116
9836.182854610266 1257.284961853309
6308.404928398396 1681.0438313435038
130.16608555571628 5580.013503134993
2423.7260738843615 8901.65865015312
4566.251132260701 7724.059951314114
3911.650119996335 746.9666698616495
2665.0258265434713 3222.7797245981283
9707.350527084878 4793.042252881127
6618.68271426741 7670.171555979235
691.6693375633687 7495.858997026573
4933.149739936112 3271.831296848512
5369.1428327242065 3101.5302216682685
6809.031027025586 8352.466835707239
8859.332784539909 4080.8607448076173
6913.587949057147 4995.99931688677
2078.3971474850314 8859.386618708966
4341.904371205229 3599.9062599321273
4481.91222969469 2950.121326933811
8238.804611569793 9982.385720813876
7271.2483137675135 4684.350798607562
1808.4148976618208 5404.607830974568
3877.1222834641094 8690.523484871332
4965.845025312906 384.408787275613
1873.425958961107 6549.149794694286
6644.860461648593 4091.4995021760014
3849.84210611378 7597.954783666157
121.82986882307456 6222.529020069885
257.45929505316957 8875.84321727624
6597.3318336726525 5933.611947506287
7924.501599535031 1279.3379433687935
9904.190844138466 1377.9585579532438
9226.515458315605 3641.2648962912285
1501.3053970565816 2790.6530765758184
2147.3952401447436 6428.8343701566955
2477.4267367976177 7486.520500517492
8951.110121174484 902.0465121338583
3225.98792586112 853.1876947659423
644.5679655069814 7666.96475004386
4522.484845910582 2244.0464658495484
2932.6389281785014 5581.218348680187
4015.3953225921 5901.633137898366
1620.1533755250575 2016.0714715548133
9436.209652125264 4461.855182443426
2118.9705667812873 5932.337078815927
3815.6857711516013 4497.8790026842435
1341.4613524238373 2126.6947027582605
8063.55226217054 4882.469173951632
8467.831749362462 2122.7793501945093
2980.0467776165065 5583.341930409828
4657.701162955185 4942.14096276117
9762.344706917329 1143.211394290734
5190.7640636592105 6155.545398718554
6659.441513347421 4358.310099982882
5192.8203635754735 6787.573407996615
1083.9462080992234 9140.760195325314
7626.172226264405 9489.358382729473
3218.0668256043655 7942.419141345685
4465.507906329195 3941.547014871607
8015.73745923838 18.466537542348725
6601.173663571971 210.38420163787097
6898.885132886761 6489.4958657994
5207.285370400765 3547.8910422987874
1499.9444386197779 9915.0087448404
9774.77576056238 1315.934109568152
5616.402968541174 6669.214506236707
11.66536990561906 3043.660319808893
469.85868567329226 2972.8509738460707
6338.592337095771 4062.0752347936664
8049.699964240197 4181.415545742108
6777.261482770651 7860.602161175527
5367.197178533536 8960.313909319906
7268.964014538777 5193.9155793156515
3814.0521610845813 9242.312290019781
234.65515185193908 5382.319539957104
9307.471529277344 9653.652424297803
4144.155275502274 9740.387431286794
9686.783039173597 2052.000959597234
2807.603151118715 6013.600316500294
219.9248275472987 2609.468054518398
8228.472018295699 306.8188231033719
436.29375004222925 7881.857920107149
8836.642191346016 2422.117531738831
6788.115489064471 4834.220554862397
5063.27138135482 2996.9294042597794
2091.726326743074 3179.3006483390286
6772.743887042513 7399.913225899243
3252.6214748630323 5830.099098051811
444.81123222496535 707.5279736272455
6937.470232656361 6529.646304012644
2415.533418768091 9393.938097129738
4725.185923417405 5136.607522665844
4920.246628225804 6157.227769040858
3918.5605446312566 9191.260531228849
124.02590543649782 2417.9111417590425
953.2314079508375 8835.49420180983
9353.551186678153 8506.282633124418
7192.930915918901 9369.369656428866
3855.1415850473427 7007.5244433578755
643.2236908082966 6189.755964055975
1694.7172459736148 7660.023391932441
3228.2551771840194 9151.616386926036
3559.778068097298 862.5145772636922
2795.3977324747834 7889.57090144531
9465.146254326357 216.38910609103613
5365.991384630749 8280.259931854598
3448.897067802037 9647.940173076946
9734.414704461175 7780.238183702387
564.887565711224 5174.815295797881
7420.622290238211 2957.814158510366
5889.11341671529 4842.697184656747
4204.518778308685 8729.833354602408
8442.707174021245 7602.314133972379
4715.887673023889 6472.67469912852
8134.572480985105 6174.976875753745
2098.2649530411068 5223.9238551119915
8867.593078163742 8840.662039977098
3691.380823192042 7958.95617243543
758.2718680921141 3688.449447746095
8403.660825242412 8709.90075585676
6335.178057407535 8849.070110427738
839.3435192879606 9712.827115768052
7255.8593615941745 5505.190102980459
9825.356627539397 8709.418129516042
9312.088225861471 2216.429944568894
8202.274931941041 8946.528961109514
7775.597040135875 8941.847468174437
677.1697629962647 1580.9846591299536
9533.155575305254 8126.967553928398
625.5218692253817 3875.0323869387116
217.3116089895133 7619.594765128833
6874.296499241546 960.2548006230227
1868.0811101365714 9511.534194505324
8731.081150261474 3826.7290684848444
1234.0390047110561 4833.108976394633
7832.591050380391 4262.036358613006
6434.687180297665 4241.93704184329
5948.161142119366 9619.201084295108
4251.7218225761835 3879.2207792148856
2490.1732032199366 3295.967330653126
662.2317483368623 5832.1743760004465
773.0299292113197 5656.335598681664
8893.390215746294 4053.9431508480707
7968.793206972472 5824.062629013331
7412.60593617866 9692.33701666538
1648.8400455751705 8095.440911693334
1498.449951098969 7621.991587587742
5429.628235781506 1309.8461353332991
8808.735585638173 7562.995802914926
8280.3063496773 9523.746822470583
9637.734022053315 9594.996751913008
1514.0968993426318 822.5947823717738
7330.980660119909 5046.309711726283
3399.3956537976424 7625.971470066006
6261.785257966889 3428.1186031217258
2261.978117314222 7081.278270104704
8145.683908722255 6958.3062828774955
3053.100024089227 8536.009032222059
5663.499538102553 5293.00226703181
6190.831462470214 8430.489872512308
3209.2443669968775 4477.996164242732
3062.393617089246 4581.8618334112325
4354.026237344626 5740.99817995659
4416.030308551161 7830.011807032114
1093.8851135465743 7639.646911898182
7719.830024671565 5026.4242815814
7717.443539850731 5071.152741388776
6254.329387370566 6789.642018885433
4231.45205517077 885.3578823917629
3952.507334286408 7906.193490124684
8167.285353519838 3660.3170672882056
7877.579656508812 9052.321994020858
8561.988235524135 1340.2235527095409
6960.322226745573 1689.4833827330801
6471.679518421328 9069.78272500777
2088.0273039627673 6885.040647591099
81.51490605652234 381.3856132644067
9757.305752630165 7493.776989949367
949.0914882955459 7917.955395031224
2299.7113587705285 4693.886643997716
4075.3308108788856 8527.388873272925
6732.142021701272 2984.274306456728
7.043992367282703 1281.707869573132
6528.96797103559 3176.1892005185423
8182.689698022428 9331.891139496898
7047.978089396105 3381.632589439562
5885.5613830853845 4014.3292774136785
7583.059260295613 2139.8845973458647
1981.5019604628226 4316.031015752474
3551.4402987351136 1787.9597641902901
3004.462425795589 7997.086056786717
9472.083708061027 4391.480879576318
1796.4539346451613 1543.5429299521431
4101.78284501901 5303.264868333065
1852.7235409795728 5154.377486835941
7822.18202740649 9344.884428617512
5397.8494795722445 2367.426268239693
9252.35155215441 7788.069246309992
9467.95407805912 7319.644618860519
4574.397179321232 2725.0247585441634
8212.886224592708 4704.769854870814
4725.8877616969585 1482.5119228151118
4807.434379952698 1005.4398331540137
4078.2477704414964 6633.4478115275615
1813.711220603892 9904.819974255372
9913.127767415835 9153.753807729956
4785.9475935227765 3711.7543291375523
6451.962927275924 6602.059569926957
5680.101939183701 2282.816482855725
685.0066278437728 6997.078041813349
9575.637687280863 3305.523302734169
434.9027030948227 4436.814630980743
1258.812168428164 7119.847432307573
9769.335963258765 91.44482280686206
966.3738233342712 8901.49422371946
7389.254056627124 1063.1185008069276
4470.998553531361 950.834123698836
6409.9591373657695 9875.027255780295
3704.019890808975 3507.6539411958797
5667.323344854166 2326.265554006414
9806.74218805287 1165.9409930957054
5703.056660410342 6367.859343601113
8408.64933475692 2776.600211227356
9671.165975430167 6907.719361019459
1418.3195254779134 6512.978785016641
4086.296395340283 4025.0309818298924
5749.600723992577 7004.188873548733
8569.625805788646 3338.8375732576924
1918.2078912794266 774.8769230891605
3961.8649526413187 412.406609461432
8451.849092303519 8962.819772638293
1724.0660409428087 4738.7685798995335
9434.641687716288 9809.209158200432
6979.438986671989 4289.94448040378
6428.632564569478 3106.2459733050687
5841.325919333715 8404.959874953702
2816.339996689973 5195.532892007309
6303.095296025554 3741.8000607493827
8843.205159753346 1032.230212224029
3134.524270279936 4744.400945545789
3949.281070580315 7786.037234542015
6403.056856179345 2487.851487047581
1094.811563053102 6218.0816952989335
5413.908061228011 4851.26695536154
3126.2665162314142 6947.276370227797
4422.658055213448 5760.357848618222
9095.638109226087 2170.1494824716683
1465.4172248045604 44.01146319905735
4301.988900620531 5338.961067044103
2401.446696655788 1318.6235529828173
6417.738390395492 5193.772117842722
2585.3623332145726 2329.518656043169
4849.814345211354 6517.75246992544
3921.2001429774 1974.5264566602582
659.0226656076203 922.9597808742474
7672.789507188816 1218.5851288555416
4165.322395440065 7580.94512191836
5201.84030345693 4194.708227925239
4193.413615710561 1532.890246984313
2617.7484646795133 8788.093850463834
7357.62213370239 9675.873086891537
4811.7366660357075 7094.27948468913
1422.263924710363 797.9037890493968
7228.565381658472 4897.503479575327
6.209168589350611 4830.750033497394
6706.368622907739 1622.4382398652992
6369.7762190007015 7559.849569756993
5468.880425625057 2130.1076101271856
2981.675258188922 5399.893581864018
7755.621833445882 1044.731767779361
9963.732168366923 8945.892178587828
9396.76035290054 7277.569052860491
5565.99985000593 6072.819101395999
2939.8761821955068 5602.999244750545
7660.180729504321 7062.13004158332
508.5227652741764 9106.794319852512
9476.904291492521 8308.65201480315
5169.26275161536 8701.07301197431
8199.120776577849 9068.769010087859
145.69762255410623 9045.479403513224
386.0377822053662 1273.6286770954985
4510.806970481641 4991.362480280996
7748.25033369936 3088.925492626938
6952.627116115518 5407.712909723175
6133.5614467835185 372.9864903189639
2631.8365280395874 2606.837846905169
5846.882460675007 6611.594149564626
2209.998303063547 7275.215618242267
6661.347739862394 5081.142895543121
1748.7101274340966 9978.751867005201
9374.97641472966 9649.592852186883
2501.9669397962107 3936.26807560009
5579.375380120152 8784.357288834612
9779.869661675446 3263.9427911873977
4722.685180645153 535.0637112712698
382.17756409022587 6346.306661934787
1317.196830229208 7547.690871654665
4588.479905621896 7034.15905535185
5365.180096118417 9820.639991530035
2956.8433748152956 9936.833369410086
7069.870018538064 3527.5974926396125
4883.340855501316 3473.383246966528
6356.186644247809 3092.9681311716718
6022.049782867372 4217.821810411911
4829.575206752596 2757.358163572071
9916.787940378168 105.46071654677469
5546.039957688949 6570.859393298263
420.81979307279636 218.0188736227695
76.45381820677643 6495.048549244662
3504.0897900909117 8736.00600799542
7810.332056641953 2885.9885701498324
9190.004849745597 2891.1524746833493
5157.29206775538 5192.143587009609
7783.0317688476625 2075.4052854040206
707.8647556305074 2706.5332373989327
9452.514570834433 8358.609458818404
4082.137667098679 9706.318580901965
1418.2408760401731 75.15891649580774
2121.433528730918 2320.5153572937897
7239.493784309257 1633.712696164964
1386.9341341125742 937.1056594467686
1148.3956367164794 1037.601522355751
4672.1318452876 7975.901521902683
7991.954069469449 3122.750004281488
503.82283596065116 1079.0290687797476
2301.399385719647 1264.6759271105311
6108.926118019935 8698.067417729195
2038.3332152948597 7949.6638316031085
4947.718772092347 5482.59242449278
153.1002357999145 525.4047155958986
6156.604267185924 8299.51407739988
40.96647317976543 9122.08197569699
8218.672289631158 6723.62215171318
2456.179926540466 2313.3653893021024
424.0163408371545 8475.460931423617
8262.43056880036 8944.361671383196
8273.920969280889 6176.694951126064
5772.35621670386 8110.884894147643
9519.35909939761 9599.662161360377
1688.1185956782308 7976.008476502109
519.2863471889165 7148.734374587975
4133.088288367787 3038.4406543874043
9354.566864670229 1980.3475440277196
9953.864151493852 7704.15868515511
4225.122210003329 3766.9565200321786
8643.327394522277 809.842557090833
391.99884953184494 7868.110834675264
3127.621555086626 1683.450253856763
5754.794090758748 7159.17087383885
8267.968585049448 1261.7480902689103
350.46690390992063 5827.007014816563
9936.041015882563 1362.3364151453654
9597.814487202868 995.472025569768
3859.4518887775585 9330.268700282242
9644.304667933033 1267.3515702308268
6177.949584164875 1639.5329540078974
2792.2364600994697 6002.137894183405
62.376386294726856 6608.885680672407
3859.1984700594285 2921.8697754724267
8084.322532769664 8239.000796498358
9156.344659711072 5147.775846220316
3603.1739370180194 4809.0936553720985
4020.214811347215 6487.897445106951
6081.638191855344 3964.995954480518
4986.174013708419 141.0119723407921
885.477583466353 3236.1986576943114
1736.9602746645307 4154.473868680345
3473.962399601028 2782.685299752875
4757.0664411670905 5220.881146093023
6707.913171069915 6214.356107001729
8770.398854113106 6794.529035645312
7611.0202369475555 4762.3367126042895
8091.337192089072 6177.123312152281
1945.6065660273525 4547.62813835451
7355.890942504244 9640.774747946867
2534.2389851659354 3776.8623357854513
6230.788571248618 4747.198366701713
9745.084805782933 993.8717749126913
8890.359052240054 9052.01905307505
2747.137553282414 3298.17883456635
6841.841350480004 9671.094710611811
2901.004877706422 3821.936154195935
9831.578502312728 6180.602171900123
2679.688104030046 3022.9206783543937
7711.785620389912 5600.64557076091
9333.704337492793 2593.4338232527766
510.99464062833056 8675.179210194065
225.8264359837292 1338.0012228140192
6860.733290620071 8897.477536872515
1863.7909963572597 1951.1178497231251
2014.8503150138363 4501.798843517334
8224.239322972911 2121.1612372544564
5712.695912738479 281.6576070761534
332.47211357779304 3800.2408445560955
1945.2936239259932 6538.097774288999
2483.294814858904 2393.982394622719
6299.828714386743 6117.663850373785
3430.9978748766866 864.8967384205686
3460.67768672242 3887.7997937296395
6656.0868480691 2377.741288212949
6311.320993565217 3768.2535811759785
1612.862071709058 241.14654670990166
6372.1136902098515 2229.4225249473466
5365.011486383815 6218.040203585929
4329.590923822567 5601.8667432623915
9379.335610682303 2484.267849076982
4962.166309120408 7366.421472327892
7107.424150548104 9015.79531700184
9261.745610879241 447.8201876626842
4014.5526044927537 6554.239582605923
9609.678601959338 8792.93686694078
4189.478048128763 4971.431921490599
8731.836833937283 9862.197093522751
3587.7881896256304 4863.879881457937
6435.50364262662 5208.772331046525
6772.578214133754 9325.490353603722
1497.2071089675353 1259.1664241810552
5429.215672409202 8537.262248091765
9168.436026436682 5300.5079750262275
5144.6419485683045 309.3199785617651
488.2125257950454 8932.222610493074
6291.837450565724 4849.798206819487
2185.833853036541 7998.297657962437
6989.967086233044 1645.6433650021806
2566.527281947961 8315.429752686681
3559.3246530827037 1063.9682155155183
9906.268676209065 9090.803128496636
7299.530166502237 8370.110970372138
1113.5225463582553 7097.628540552163
3944.46160192817 1556.7286511405898
7672.833225397186 8470.065512752637
5098.530529617752 1105.0060708442056
2434.6530635130516 192.8200609844999
8087.827676418034 7014.29415986551
6778.7002529409165 9305.890114717915
3661.167884310953 685.6022779436033
2544.228182486803 3965.3752322038727
2471.6136359137686 9399.372433797698
6007.073826862917 3808.1025400942235
3736.3367650574187 5216.977533146496
1821.7409369223758 7873.58639427428
2711.2654379019586 6002.299798721937
2831.4556162404224 9490.616802862702
3509.988021573648 3536.2097984033826
7475.137521722542 5698.779355204953
2662.423550722224 1101.8897677512184
1006.2539730716024 4703.786983667034
7418.063096268288 4888.8138912544355
2426.997771341214 7004.31856234435
3597.168464174163 3934.410789947388
5358.226890995384 513.6842038192824
2577.9835166235143 8825.920859855934
9582.21311686058 3316.0029836413128
1646.901650785414 1717.1226731625277
1508.5475196020325 1798.446587919973
9470.731704703847 9742.361863650163
5424.644639931633 5095.794770921918
8237.184391840363 4561.847638905936
3834.602352750095 563.2381263231978
2260.1686407150155 6844.105238131167
9534.116860442296 686.8464702131649
681.6202487145817 2597.788824378029
2929.8524269157333 2297.285802088879
4344.957049780397 873.1519668178933
9764.830984622724 5787.71002862184
2599.7602216059745 4536.745051883071
6885.410589116733 3402.529989648936
5750.271720973865 7672.617444829819
2195.949527944582 7389.5171290302815
6259.929042041811 4829.78096210463
1710.3911154924244 922.7179803621077
1616.3681665608665 350.25661904300784
5935.025711901045 8701.062301215286
9564.276249002709 2953.501133979539
8635.404655585777 5179.7556536989805
2909.900241051511 2879.0727235196355
4815.515097543575 7391.509882529602
6171.2811169228735 6807.4924023006515
9845.979462657348 8928.595483836389
9280.099046100298 9937.093509713646
8465.56829038846 6559.229897463413
1784.604330761328 8540.278049167448
6195.195953194755 2460.654390224266
9083.82297081415 1558.3652231313804
8803.694017840096 6712.27700744493
1249.488368917796 2534.435310431641
9433.649631645776 3127.7726500801364
1907.4084944814217 7646.218017682317
7705.705018439134 8177.085327551447
5609.661809258386 2929.957232963315
4903.787734263046 3177.844946145022
8633.040121821396 1048.1478024275937
5252.239477249023 7760.070103680647
2575.5808899185604 8401.015671738709
3574.0654003439363 4237.421520222407
1572.9873894839186 8325.749065182636
606.808703384546 3103.7796427617927
9704.523316170085 880.8339053529046
8573.02186675944 502.72994193130916
6995.516644103949 3498.2912784634636
3657.9027947919562 4120.5007324771595
2247.2392893351457 9680.446502216972
9744.178121983245 3782.974668529209
6308.919665244801 4426.01188887725
2845.3141366700897 8339.556583056907
718.3282134190139 3046.3535819254207
4961.230220039414 8697.707644296883
4608.900207222456 8278.166093592119
1870.938767479784 3319.216562633498
2157.7875651729605 4092.213002835692
7965.186142879607 4793.821783314835
1640.4146658609066 3800.9020231232225
721.8211513990535 7415.717399409801
6696.371995012821 8175.776062947889
4157.509319743429 3593.6520362332803
9338.025795986174 4868.537028531976
4835.124604166526 3628.310356542345
6334.960542394568 3063.9601313528997
5173.943330980018 8704.95074767203
2813.7790356342584 3152.774985554416
736.6201364690605 5041.572683384319
5814.3492526164855 6831.544616379382
8825.176748352478 4370.0424641359805
5799.419569471521 5726.486943223697
3179.1602257934405 5251.204034969055
6842.301769886726 814.3025353051803
1887.8874614021156 7049.260522316582
4719.221607800272 6964.9489410274555
8527.176807571683 7691.5048904532805
3753.929509109606 1351.5786984096624
2186.4518483759675 2662.294947042818
5393.760910498603 4272.491157366811
7930.258723194653 5282.065283873922
7833.957506895289 5796.397999409404
8966.565804735184 1004.1024503131513
772.315550244952 3278.5524690878788
6053.464869494198 729.2136114994685
8733.690961887762 2926.412821090242
3522.160938950882 8665.227663660273
4271.365027549687 7669.440280388421
9872.80092252997 6434.894987405041
340.3633183005872 6552.335958389653
6500.583863761853 1364.6419485184801
9992.894493558226 9903.962547866337
7648.966688526352 1856.8071626554295
5612.992725556573 2801.602263040811
5255.366066706912 4072.706483276386
5998.00481637036 7595.616194598398
5132.60027919021 3962.626935367661
5417.90165177766 543.8916065016863
7338.519141167047 5977.378016084876
4095.4563779804707 8272.472729572377
174.5193004850787 6880.659923279253
3768.99732240197 5150.096623537867
8699.79225436091 1755.8098591162595
7341.878548153279 2939.0302475208573
9650.003333763743 4559.722161125382
5687.60137000418 2122.980538782316
8856.104268839714 2606.2444909994797
5675.1223707683685 4251.767365357764
416.1373016381908 5020.951973328568
2883.3701900581677 6901.587610315652
8063.986242273869 3576.769230779031
4774.193208048551 6771.050777314775
9459.438434274714 4560.775023259621
5905.392532109917 3039.5700770662215
4443.686920221525 622.5053575531159
1445.7358675815613 7278.204040312601
5072.011046149969 8087.928380449883
9177.297711046216 5424.810633124086
1693.2375972292057 5563.750082079275
5552.372729365293 1226.9007373791096
5112.794471876379 6394.505955737347
267.70531444542 4715.971480142788
8008.907663523583 5181.995196256717
5824.926263202388 563.9527303604852
3131.5670266708184 2776.6648509589977
1432.0640611375957 9931.869391912256
2402.251413689809 7825.517613613593
2805.6661871284828 8930.743834658597
3285.3905678308306 818.4555368558676
5245.042924411671 1946.4530912012845
1595.5641239965657 12.829285939317536
2585.2882563937974 9820.562957477661
4966.54071790853 9282.464156917762
6160.5822595275995 5346.323285558367
3945.028611862429 8333.781341436825
4108.241667215578 7571.990880792439
5824.229299385327 8427.845192845049
1910.9866555893873 7786.125588391113
1074.2982280218648 719.8844485276624
3466.625218729225 4357.35288923265
9199.146003544673 1793.9309020959938
9115.623464112778 4710.880734778037
589.7284147869741 6549.38357195718
3924.1510739877995 7956.946461495106
2255.7446583756755 412.0778811209635
8370.363665768498 750.1326714650513
4904.726428986389 3673.1202900117046
7068.470590336962 4966.601519972708
2311.2597339138642 8691.149915502536
3498.845742897416 9268.333903278099
5217.154323967744 1999.0778726998037
1604.0776319891181 2476.367306492112
6609.025893186098 2866.1495775919057
4291.543602792869 3829.248442981653
9367.987189747993 4522.694671420842
6224.309204709072 4703.549203250184
636.7684450998656 7817.274183639793
1556.2486665349518 8323.81555792501
4006.9767354134688 2782.9411578556296
3747.360006919106 1444.1419780913368
8277.36245787016 5988.886105286645
6638.045512651999 6496.411335156114
5900.607277476399 2571.376294266533
7604.511735395943 706.1881260914082
2679.976476142185 6685.191748921462
5473.513131877411 3718.980188819998
1309.282336631501 6662.708115478544
1629.6634549295009 76.43662554966512
5245.92001802231 1438.2080300286493
2037.6524477736957 8569.973772130947
3807.173635738237 2430.759812370893
3706.3498070602686 6842.094906860625
3650.9039584122684 5020.764064967679
4747.2818034627 1425.1378379210278
5637.1026670905 5017.045784698946
8637.61604926527 3626.7863085667573
6832.642360262364 8572.901692519226
3396.42329562597 3312.8194484330375
2061.212553471106 5287.763480546276
8544.265259105694 9779.45742802368
3451.5967162955 1584.2047601359088
6589.260389506388 9291.411490273578
9287.622965614864 7223.002222838117
702.8363735227861 2332.2240561137164
3607.897768364399 9802.603464763628
6594.739966095362 3518.1282373659483
3059.360375266995 2058.009717507363
2644.8035433245045 689.731764239646
6015.6497409559615 5790.487517701902
3838.287066342593 372.8330924839474
7289.570765327496 2301.333022995924
6864.743710608477 1970.8347136918246
537.2847788559753 2916.41578822889
3434.7950048566777 5019.049613550555
3871.893679746925 8339.38448076174
7321.231035229253 5520.092344251404
4028.5646385387718 4808.700640901935
3922.398723288091 7359.375397015055
804.5471184686826 7053.872710645762
2334.772666093735 986.4098538509991
9692.845799758872 9553.566021831864
324.00580152219584 3595.2390570098446
1928.7989075463463 9248.393901662892
6254.549792421263 3087.954724619143
9525.97207929931 6890.040798953407
7665.572830973135 7436.6075045546695
8968.12338417569 9019.787517241979
3927.570827256193 625.9692269147632
5879.528976688184 3178.4846098750663
5344.888470674313 2173.554016848136
1521.5075500851594 6187.804948090974
8689.517587672695 3373.960520944621
7814.129079623143 6125.15153352083
5809.5205101709835 4294.8659201900455
8225.627196826881 5193.183809771866
63.8139250802694 2126.1647299753386
427.8988157486185 2415.7995613637972
6642.476037549874 7646.36570278319
287.35340540811507 2185.5420867122343
2064.6174037141573 8233.691599892225
1459.4761665140122 9488.00704225975
9617.722893907918 8208.638064472163
9548.53759684383 6396.859764855643
4077.6324026640755 175.71289678662393
7821.517348824367 6456.451899097277
5036.341057907505 203.5185070494516
1803.3337167098916 5462.021696677089
8621.813137122424 8393.236681533665
5793.74360922309 3406.979766364708
9277.110966470465 9769.837734010867
7463.4843575639325 8020.241305377268
3896.965635630837 4198.2829869990865
4971.804599923858 7106.424860005864
4054.958220152978 9603.7721260457
7066.534152191779 2280.4867882556455
1947.4114239862217 4441.872935097456
9962.4898787645 9184.169823859758
4001.992861946212 5735.81803254006
6625.901868684442 5768.15456037113
198.3907466577306 8186.9453425952
4961.769258336145 5297.10214433751
9214.571762863601 2869.0328586837168
4568.569580666784 481.97893237847956
4407.367428763402 6418.033045973855
2862.41340752065 436.3984219658212
9132.92559638666 3251.665873217907
2151.1903301885936 5278.750705030172
6789.067936669322 1635.1834651392705
5919.336852744725 4867.8929766885185
1881.4579751369065 4567.450783543255
7537.541051352909 3810.923037522692
5030.049244035187 567.2323550029623
1771.5721385438176 8456.676712236136
1215.0260275075552 7277.5471237603
526.9147162938581 312.8649373664083
5351.718459438964 1720.5710611558723
8718.786559082351 87.48424012459898
4375.961537430603 457.5743401253829
350.2281664428453 1901.9924209867645
8520.250621739771 579.5143468881514
2407.115148304314 3184.3585803697706
4544.840730951047 2997.285003619793
2635.322030245735 724.2323305059439
8885.05551861946 291.80030035927064
6964.805630525749 9398.015792659216
6595.205041643665 9467.451531304845
3158.102402451314 3683.7030123127433
2243.563956135721 2707.563014560027
6054.5552998116555 4432.12740916224
5837.198124341525 7065.297871294049
5707.179131122421 4983.958251672973
8655.785785422213 8991.714121075158
7201.126003818595 3215.5350932070946
9450.46435783928 9008.275665656925
3676.294937311687 8829.870505810646
2078.207046997348 6046.973970141487
5123.3168282102415 9039.31476282051
4904.24026459132 1655.149417252656
8211.375616316076 6899.456213218187
9242.481949851683 2531.1617967406864
7476.219571967331 3707.0359523943375
5404.341065048427 8716.151780682145
4051.440662988316 1562.216825132341
1157.2109479604042 8260.063154108117
974.6037303234777 61.25622234003592
9515.36273831492 4688.220551097395
4777.096597697627 3156.170385843149
9761.030905791136 3055.649790677798
5267.5621533630265 8082.691640043044
9894.207390289454 2970.4568278490274
5462.968468370931 6972.4769240401565
7830.427814947722 3879.5000895727594
8938.005942973317 2474.6814430974373
9574.401883084913 5199.5722654820365
8815.326654597819 6754.004031023412
4837.962812545264 6041.662993680736
9897.077019961447 2420.826115676871
2728.20556683808 5594.478994286705
7523.221290691765 6223.543009141659
9636.211978474013 2228.003340834569
3005.8434818534975 9240.706473630025
374.6468116761259 6119.336313319858
2401.098563873493 6354.823060801481
5839.300633946043 8964.141524827928
307.1410768272775 7436.111799855361
5292.695380600788 2797.399280003362
2244.3646576317456 272.8788586064479
89.1484849619073 6775.833100371069
3912.6020228321513 5552.059509406743
8928.686283951516 1484.5253548306903
4755.788238474238 3883.7185188174208
5603.716665700506 2642.8030346054497
62.31005679092072 945.2308801511477
8515.080750884334 522.0615042112031
1809.2326289565474 268.9231842563344
1988.8244546203894 8775.492680396845
8280.402363594605 1345.697438872675
6674.751622223609 2874.6139976723084
9391.190322525865 2110.312568920556
7904.238805822392 6131.792400556142
7686.697008530598 9842.492979371335
4247.316475815993 9841.895859842298
5797.142803809164 6603.70553339168
8839.67487434279 8080.676027022508
4407.895889902062 3704.190890314267
1688.131845043457 8254.084616189028
5291.020994679352 6413.793779849404
1062.5855790536787 98.62434260606068
3656.883585559898 8753.664472650313
4088.137545385433 567.8976820274795
9363.865781875262 4566.6585745706225
4171.226243694184 6211.6172980670135
5621.948285554701 1839.3669050896965
8026.582601671468 6518.066030273762
1766.0902482589624 5978.765536473073
5359.867873893388 288.8244972388176
9628.875537716853 8663.144443405057
3789.471878519208 9107.163908368566
3618.99962402929 805.0690173334008
9968.963867483846 5542.658123848635
7954.346427175447 4627.783406613051
7509.364808070219 3008.1438071265598
9305.805916536929 2029.3324143339619
9370.687388197744 7452.555349292879
6032.1049814931985 7072.290119812696
3750.1503997168006 4444.309030902922
6038.120002727985 8191.28359739819
4423.326855495046 6209.627802893903
2970.449563659304 8303.371541458333
9218.792056176382 4494.492186193859
3690.115759400533 1386.4491853708405
5968.722531574211 3651.832002989478
6038.701082788544 9559.404808634676
8541.923172842837 6738.45997899491
2505.2991128491344 4396.829136135722
9629.460492239532 3105.57796702665
8882.086092783054 2868.9081826418096
288.68982159502065 8591.180051268428
7733.146605629345 9333.867423661786
253.57771828338983 6750.36668179962
1123.1054983896026 8568.298456325869
8466.811540987266 7403.509206017225
4948.4974398538725 4952.787731482496
8444.725135922938 4777.204294894447
4173.4422676138 8828.55585097384
917.825231103837 5588.247551873141
6019.206203365811 479.57059666880576
7043.807085448257 6502.814520065966
3431.9843905517646 3419.477284361012
2434.555502243283 178.20469958557794
330.22715900989266 8.80093721434383
5184.147418444624 5928.972290048154
3286.3411057259905 8042.956542677484
6359.281839166348 3454.154380599166
472.6581336167646 7474.650389687767
3324.2472245341805 2504.9607532568907
4779.97007883689 9110.598183191281
7094.208052369027 6364.318786635949
475.59143568206565 8863.847085779345
2257.9284354593697 1803.0254801535261
5930.888779506983 2186.4708047012427
1983.5010395628815 2147.6628170470735
3150.341563538651 1077.8834753814026
7614.960748908359 5954.016478520202
5608.1595459505625 3356.9885653970687
5571.433399890507 972.3947064265393
6571.179201760072 1535.875700339817
1451.6125350554687 3190.091956757771
8859.709386745666 9090.492189544742
1814.6880124666043 5967.902800976892
448.6550677221346 5464.0477285764855
3555.710576722064 5962.48293087336
5398.846046609546 2352.6122040024334
1392.8541385922276 1770.6775749236704
9447.334700322637 4964.256507584154
8762.648814053495 6696.624901986707
9981.530488273242 5960.3972367825545
6258.815742785725 284.5934256945681
8717.081563622829 4261.114556327128
823.8457535897326 7815.7198575104185
9155.434584563971 9361.845409545385
1714.9914245748855 2420.7452841464196
2808.2016425627266 2007.7310936699932
7565.069599332382 8809.396811464147
6901.242719248577 2929.0867713857383
6452.93897471457 7185.655795153432
2503.9534554342013 4253.553126669908
1739.6803045817678 5220.426646508444
8637.201189608248 9793.935970836557
1147.8567731529365 553.5769886095832
2671.574985244246 874.5447953841834
7932.468484359293 5286.799044417563
582.874300931645 5692.728260833181
37.20503547804177 2045.9639898250614
5950.470072337967 1037.0243738534002
6574.388583087798 2153.2090740840404
4088.2338088012316 1448.483821041292
1067.8156928489202 3189.113702978268
9010.368086739249 8585.312778457526
5424.345251141516 3321.371401608646
426.1922558094677 1930.006404446154
302.5026283518828 9050.188295537555
2475.9892738021263 5044.572833950879
5135.297358026953 7974.0388495166935
1022.153526847227 3126.5756151783953
6432.1511154424625 5951.262590227861
6391.785152833078 9145.944949676605
3778.528558486285 2336.6719834865703
4247.968383473763 3276.0560504461923
7080.994631711173 2318.8746881675547
9864.945962557056 703.8256843328705
8375.554868459514 9023.597940975642
367.96205721284616 7687.398358951685
9346.866938292404 4261.537100733731
4824.161439716817 507.7978684004647
2563.528455627596 950.2184818475779
5838.093295800361 948.3773479893076
8613.631028446338 3165.3762021245093
7327.488131783744 9158.116870165959
1347.1862524061285 764.1758484309802
4225.765305987556 2795.051332059151
673.4927728237328 2768.0822076041277
8431.215373070834 3865.691987941782
8621.277417082141 8077.34679877577
3373.9729487905765 3491.5128386906404
1760.0907884595674 2544.50319908925
7140.473779039668 8954.569515904712
4427.646297486752 4979.755403499803
1483.3820809896604 3334.646120313054
5821.183449578901 926.7059283222978
5435.164492288851 3297.0214386193497
9360.222030564435 4507.41509313533
5461.779681025108 5828.945510612859
3762.1247059090524 9908.093893691183
2155.4170351091984 6761.438019264171
1134.2635977262705 571.3147972881161
6216.500351390187 7813.065897031458
7001.152900972389 1407.6352667463932
7951.9128479315195 8347.996214205714
3697.5348616798487 1540.6145649556702
387.65536149636847 6326.3737251454895
8097.229205091694 781.2312841937885
3165.136826428945 2249.1392099949494
4997.378738517939 2142.3536772060493
1291.9356759729828 6165.329665663557
2316.661325498117 9885.174612054965
1068.9229840225555 8890.223498387377
2671.2468609515126 3045.7180148323405
1330.042018581572 9873.653628213695
1730.1742762179351 1061.0310727485928
4033.8443431108008 1633.9184223356274
5283.760274086331 4506.377773420437
9404.337580998174 433.66950941307937
6165.817190906292 7490.73115071153
299.5136251349595 139.62650655011345
6374.645909043746 8206.309424634637
782.5484795256909 3648.2073937166406
8398.167325894034 348.38067061250587
715.83452515387 6972.687458409088
3100.875513833169 8345.736222603744
996.002384013459 3804.77916931549
7108.168911280156 3743.8962265052855
977.051030205266 8398.940170161306
1719.0123954892256 4367.676049276433
8295.796865621527 5840.713899623896
2595.456525821783 9445.44447944125
3082.2152256839818 919.546613432084
2876.107979777969 2481.476605935724
6655.0230697075585 8924.236166435378
3684.3434955265943 8037.862638431701
24.785996212965955 1562.5944267736024
2194.2757938941827 6931.632996017048
5696.301757322651 1505.9043108921887
2780.2370806745926 8455.428273003916
9734.007767977451 9314.946510138978
1890.6774280498994 5345.237140161262
5833.345520197712 8351.118164160993
8889.79612047513 8369.601020632808
5379.942493141644 4161.055842448241
853.1525317774214 2431.1637483578984
3842.076019150421 8442.733452583088
1136.4463434753025 2748.9836002173397
9614.023074874713 9617.147811632081
8180.653866025223 53.80540398428613
9056.533267939663 8003.398178433458
7339.833145257063 1671.6284485562182
2110.7095504212657 9704.480901504754
7932.424742502991 6339.447510736196
1370.5461402099195 1244.8342187862881
9503.142620560342 9117.43214495824
1036.1423241302236 3408.494256616905
3218.4578757264017 3218.7493641206465
8367.39276519726 3658.237515588366
2328.8456812836544 2191.854316819132
8630.72978237288 8696.18569416957
2177.892993494258 7409.348336441657
2602.151031511872 3418.9015932174048
1306.9655374597178 662.2777866598428
9235.518307175562 502.69641826031665
5921.849979148258 7423.2556257375445
1488.0727101926361 1162.817802557645
9858.692368679469 2881.010008024051
4483.44039336096 6124.812607513779
9738.031589272317 8369.663051516049
2356.1483343691193 6785.466572655111
7817.114089437843 3923.7817137340403
3231.6056927564287 8056.788939616982
9460.49905329622 6396.909892823801
679.913556685826 1614.0780078178607
449.7313736521102 1952.4289949217532
3800.8543405670594 6154.152229873777
429.5617900886417 5514.172238964346
4049.4079132824536 314.40597562360506
5261.091856221907 6884.789403284427
9189.806076334047 763.0919270763903
4866.536642670766 296.04027659164143
2614.8529048579585 3983.626936997351
1174.2294719680424 4410.290450298169
2831.6337221440613 2289.958285563608
8926.748413498959 3710.8507267977598
5543.045376970498 3302.2216111149337
8483.544237167745 8948.818302457536
51.40781083630364 4636.483688601538
4505.463712686031 4143.426784327308
2412.1337363878893 9118.528998066065
720.6555575553075 4946.206327463922
4274.2332148047235 3249.4326707545406
9864.362210700454 106.66427501594966
1406.0524126358155 8221.121577800157
4644.814161362641 8282.608166286036
6715.760343633849 5563.253233831261
5924.432502333914 9249.646200449659
4096.077133743804 1159.9102380299853
8202.81759563498 6765.923495255803
5594.478062360915 408.3689568805582
196.02214811421436 1312.708843711693
2862.185025073346 8653.452799851422
2093.2842849295953 8790.416443375034
581.3015425521639 1102.9874085051838
1110.8377016933969 7657.647513304686
1776.2821633055025 2918.5975223605
2747.548588446519 2442.769324380273
4948.790383451508 6524.853515161596
4962.433319301843 4528.585538297475
9631.060921451854 3403.4540751611285
3624.244067255713 5904.846627212215
3033.9677212773063 5045.440147970467
8867.580038961018 3370.464391596357
4731.358631855936 9153.540442208903
4738.703114489456 779.2090873215495
2283.9607418173846 7757.5101137585
3425.1381822071435 4107.143576586275
9802.08165738213 865.6249440080177
7920.487810526956 6162.959553511914
2654.9373839769187 1786.9813855464256
4737.427441801188 219.14926102840292
6537.542748627196 8359.907408852214
1266.8291869253412 1729.5274744389167
5408.383668524126 1077.9932941644531
3683.794571446769 8135.328064408726
4526.38173668583 6160.142975425286
2650.4758975778377 3720.5824087101646
5128.251374172897 2547.446626893132
3242.8015386499064 2074.958349759666
4281.769739542761 2138.501924820433
2420.4741886767088 7363.160040286623
6463.654197537452 1172.3715588147477
6306.196582347353 3732.9778481194467
4463.672178417018 6053.504527280507
7362.442545118043 2919.887046119476
2008.5388199684983 3449.817090525035
6588.076381505902 1548.7348549115397
3970.4937235147677 1400.4273754379526
1476.5073908377947 4046.7869744980367
5267.626826424571 6006.460660365301
2855.3243446896527 6123.926631778837
2158.7726628259607 3645.037137559529
383.21521900906873 6930.632368033618
5710.053665139916 3073.9531250933505
6849.226119829148 2504.013432327645
656.5795584157219 9420.128898630244
169.9852348196673 11.62673582920215
9330.426896999892 7297.762236826661
9621.477503354909 1836.4642590994317
941.5148983100873 1943.9390413303747
6202.969394795459 1069.2156936582976
2490.5941154078514 4741.868845366473
5176.294624611779 6263.664008518186
4394.386521041748 4157.912091848065
3700.4128909094547 7575.978094188048
9028.639469460488 8050.584291765599
9465.946420043005 7759.419197113963
1727.3712209743953 9548.732004868209
8694.011500373816 4198.57034749035
8729.770909843266 1655.0552741805957
9029.592418099495 9572.88153399848
7328.488436236027 4105.2806464387495
8325.382472509726 1558.4159214767924
1493.9479256709399 6458.979394980596
2353.158428020036 2783.1393475704135
498.43662816525193 4078.567842921209
8507.477134573839 2139.9505123746353
9726.654993662354 9507.351678303072
5475.950639486787 1468.7663222424019
1096.8826921856967 9502.94498877076
8214.66445454968 7981.247684190995
5993.2386767475455 6827.480475089095
6985.767504217697 8893.892995063447
1572.5179280540879 8381.473014151863
2532.7457360202143 1411.8816780003983
686.3072286044036 8101.788628310248
3357.863919117463 8449.037291259137
5014.494062054574 4871.603531986315
3032.078056431142 9888.115126004193
9765.587753994885 8705.183461550294
6084.658694848147 1212.7318785762186
8393.421285347664 3413.4444942714495
4458.651185177439 2893.5772947409387
1724.4867059599621 2245.6666271089275
4713.772305470208 1307.6800550485523
7997.202636936993 6844.719023341039
8479.95630186248 3837.6087023233154
5209.4181979273635 3302.9870193448805
1512.6762458162868 5979.294044114851
9168.639182724539 472.8650010286262
7119.5999598587105 6167.844988591954
3112.0127874824466 4867.1289119664625
4951.1614207972025 3305.946835425746
466.9627747376759 8659.331575701619
6933.740683845662 5542.38992442572
1484.2988901129017 4448.323730858086
8175.070994449292 1417.441784228911
7451.358869019345 822.395367592369
2298.044476047912 2278.0094762421986
2216.934215589246 1276.828898491611
1059.3860556739987 7896.732314543165
9866.936190241597 7559.204786840903
2514.61698659464 8757.604816563891
3950.1642028890947 1953.481349532934
2860.9847142879617 7684.778893008216
1999.0347548489306 3757.015783327904
7332.762444878061 7286.86173345366
1189.1951269147228 8351.787247184446
7636.810871752295 7193.930255400235
2360.886904937943 370.9221944081387
1181.5818157999458 9512.190321193142
2704.7135186995606 5496.986646361664
2836.1724451824443 2513.944630257592
2115.6941195921854 4315.693478259232
291.2712301129894 886.7848928115641
4242.589791069543 5038.6975765062725
1473.6021856553816 2497.1576652739823
1510.4403170401947 2717.5466847932516
3091.3833109193642 1866.160532666179
5892.530556431409 5529.17457671365
1339.6617617221461 2881.6448811239084
3086.1318614194156 9845.003557156208
5821.48696422433 2726.618700860283
3743.8334749070145 8770.137120904476
1497.6536025616326 3309.5265603949697
6451.171608694111 175.76376872737498
6313.918588432332 2657.385975831168
3558.953981701333 8319.89894788059
5009.365683805136 3049.5688089792925
2477.0246554312403 4848.708632973825
6551.311760328664 2146.298276827975
5208.302502367548 4133.064339333458
4598.897126540066 5404.826984262042
6312.952615966009 4754.919552481867
5530.898268401651 4800.820264008492
3630.23459511982 9103.974624992712
3380.464145074763 2784.9194914320506
8565.221898906218 9362.934569562763
6647.388719396397 3267.7898922928894
7563.602751227162 6425.645689390733
3316.7949768483427 8804.005146628258
6453.21800360331 8242.762768373883
8668.698399237846 8731.814891641281
1039.2547201804225 2203.2311219626754
8036.2430434896005 3733.4001561655637
4001.091358630826 4008.9429299545886
1905.0548983768344 344.3949166237781
2573.6293282721044 5772.586060867978
8277.10313971847 146.4964614339348
6454.659176261584 2888.4376317674487
4467.551273262605 9495.996273570687
2169.3269863253117 4638.644381860909
540.7793648255921 3094.6730769775686
7237.350702626964 6769.08998430212
2712.427979540788 7808.197254672436
4860.3414753920015 5252.66293764933
6274.9118625434185 5329.39623553118
1608.81634978408 4142.745582925114
9001.244674031846 945.2467670595288
5572.011746536066 7979.273910416775
2221.9679954917115 1222.6782904205147
8918.347275495464 8008.605943550995
3025.513090284292 2821.341493807197
5160.664862062738 1300.1449759808415
5970.066905584257 4688.565517281047
855.1221884887217 554.7495075804576
2045.1389923659547 3230.6369333357034
763.3344007120756 3577.84634879088
9535.86734255268 5279.995329511498
4710.810288983277 6279.244162448744
2087.564882869404 7303.600620273559
7035.767176764895 5558.340226634829
356.8365113661842 1207.273599213634
4614.139343185692 2869.560054924264
1115.3367490692845 9807.115029639444
861.4705095130859 6417.052339883396
5158.649067600565 8210.644917909613
1926.1465137737166 7206.436148872533
5501.618522810781 5699.857024544992
1060.109682278234 202.69068735209618
3179.9356138556755 3027.501393478471
3041.4643404462317 7751.050279559257
3308.667760358365 4487.161106976107
218.52354988489586 9952.871768749847
2079.3140266246255 2331.7659394545776
9937.426737129172 2681.744169400687
1041.8343728660761 4557.005854892611
3436.3304086760218 8092.305244189087
6716.009986581321 1336.2124609992775
4234.977761954617 8884.059030514803
124.07428339962001 5655.685239388244
3065.896454507139 990.6406309416905
3339.44595729484 5236.500552353757
5185.555883209314 3576.2133706142076
8757.41011292381 9658.605646647331
3574.775144383191 5272.101848538592
3146.7449483468467 1880.5173703683188
7820.035944793182 4787.410894821964
3407.4365853301415 806.6080230851835
2186.268485238999 4911.501371595652
808.272686384327 2590.5560910491777
2022.9039908140135 3370.940485105258
3548.648770393954 6007.193969508653
1041.6160292163945 9697.66108904348
9950.41937436955 4464.285842192751
3744.1020453650576 1828.706551821685
4484.0629368056825 83.1162484821546
1657.5535373780458 2872.2126489591838
8838.30718460002 8368.753230233802
2900.072731875263 6115.711985946262
4947.729576600912 951.2636385876539
8082.6034904814105 4167.869097816124
4925.15328988467 2929.987659526413
9133.576996130374 4879.404520511944
472.7167822112988 3646.2242038046697
4315.3596811269745 1036.0819028166056
1848.6802460906692 6759.881561874437
1962.6158875622502 3170.9263550322908
3101.490902630424 9846.304602980226
1395.2410547765282 6882.827479361692
40.63689192910558 8540.507002383314
6829.277137434494 9777.736072762284
1271.113048538326 9094.95430625714
4697.800307899768 1179.590737155628
6135.714989659075 7904.486161387222
538.7981615834303 4692.772544320216
5770.750517212206 5281.495152516022
5004.421645735858 6652.099144256638
4115.414106832173 7970.630160680108
8545.803694790879 1206.8023896717295
6265.394208271702 3557.1561020773556
1306.5157929257632 9474.599276170216
2883.2173052160224 5362.341061290489
2186.078968595222 3882.7541025749324
8128.664941919904 2810.4176573014784
8040.718154219556 9953.88800990557
8451.689822731109 4778.612769497621
4409.105597711672 2008.5528473217007
5722.588207291249 3907.4846399032235
7241.369790398006 3077.1513486642375
7753.539713806561 8409.500935031345
6508.329325371021 8255.08979138181
3545.154907270277 4224.029824341525
7532.695864595943 4426.714284042985
7830.258628519539 3098.4139437518056
7244.058593682561 1957.9512482751693
961.0531269740696 1888.9536066493395
7587.108467796926 179.44145254884302
5269.713294154532 2757.92999224425
8394.861904622598 754.1295755871636
1775.4574292776726 5109.3626776550345
3068.3241632184586 9779.044895111543
5979.3268259759725 989.5907415082328
3469.0170419385104 8732.39029723246
5172.8783436545655 6144.251118064043
2920.467333706571 4278.237547074781
5260.415639724219 3852.3925741890675
567.2572191156622 3739.789430868623
239.54346022165507 4982.842044279712
7585.577947771754 8936.801458735576
2966.3455566410125 5014.282880975035
7043.223452278677 8943.993526472785
5318.75482104678 9547.267476497871
8142.551708051909 7503.220920438587
3750.0397053539045 1168.4741256216569
7600.893652963594 8832.033528072914
3047.522653786203 8483.411558485288
4017.134620757459 9441.049183816587
2770.3737188487985 13.31674127781568
3746.0070695786208 7654.191411611425
3780.041818594998 1567.5043870458794
8752.642256123083 9569.81912719013
4987.400893840324 2995.4272195865738
7674.78647001991 5000.65792097718
6347.086013637409 6415.281032852522
1740.124558366799 1411.5697591606347
2694.690374970217 6895.518902154751
4134.338378480746 28.902797489269716
5804.590951630823 3692.670619769879
5442.735718660881 8574.199822585557
5317.647400940523 1914.0243864032636
1700.494324224331 7965.599207773032
2576.67039735215 4542.030116872114
8825.918175308736 3970.653380052821
2955.2696003567626 1904.1597846509617
9492.247248131642 533.1149745673603
9639.675906138722 8429.263601999823
8790.312874969828 7394.333427997588
5214.056083123994 5774.656327141531
6450.88352662819 2235.0328483853145
9449.356192487969 3173.789748988358
5870.991013983246 3415.642318458981
466.9388430175636 1401.006993533207
8780.779118157392 4318.930477170314
7957.102890381808 2697.194038991798
922.0470593584596 9769.602728289563
4737.795703834735 7121.620905268686
7787.807051824023 8511.68491761876
8477.72860267861 5971.996742164526
2959.4013771657455 7381.732350761397
746.5057771310057 7190.474938928017
3262.4162580703573 5925.81832164497
7647.70239672644 3069.0310588913762
1950.21312845729 9775.559554517824
995.2870738334984 5470.575242577496
8326.462398257849 4867.969715654374
9799.518112500034 8759.395388062328
8008.294526135196 8255.356638007266
2916.2271632441925 427.6174435542179
911.3681366933602 1693.4097423556072
5783.768133661123 5506.443307245119
1695.2908668937016 5189.276664488378
9733.00722198121 2295.762811903341
88.23500355850334 4311.101846257377
5870.305831185203 3684.8044568272776
5627.0693415987025 665.2459799378041
7059.237892689597 4000.4026213630905
3048.5151019284162 3927.1908442648896
5334.453718452428 9692.746616312872
268.2632484081526 6148.995321278125
2615.929028764945 715.1301368205931
3163.213266652046 5031.668828846307
3891.269091728701 2135.8850370354867
446.7008248901949 5541.67282265113
5195.409218467866 225.08555346772096
553.7335309370062 7070.033674312109
3096.4691116947483 3807.943870794518
8361.993496790488 4837.539746486328
4848.800572794441 3200.724546200275
5687.234101093438 929.7755836004052
6608.422687630345 4257.96195144431
3416.9608209726 5946.623557348113
9301.67151195691 5448.21381415549
5488.636048835551 504.2793824147185
1.2730825889240016 6668.214919405815
7694.727335470993 3921.2047734591247
6101.428503878603 7048.102736777878
8238.329805229872 4498.243963071626
5535.484565102089 2373.46093397229
57.60033940077736 597.2353956368393
1495.9988554808667 6320.794590815652
4183.376154667535 7329.570801232729
7919.862018401803 9453.928815766483
1676.8196119017775 91.253978835788
8761.877106304373 336.29451860651585
9246.858688713979 7333.747722317443
1758.4844865864068 4231.971794495569
1165.6170107947505 8553.57387578941
9177.66583827585 4961.296835773453
6246.941191342607 7616.5252626877445
7911.472660780413 376.8753928134017
7056.89862286706 1118.1734148300636
8862.736951832598 2124.6388318971944
6198.314474014538 5968.214753717527
3974.164962571445 3073.666447192607
5343.068412195169 2067.087121509309
581.1005995531305 9341.201510459863
215.42156633203803 2081.117857084452
3601.4962647318184 9002.07791646206
645.3425057608919 6518.473679286118
3581.613623659593 3827.350039513818
3248.381369189434 722.7733436075789
1360.7902911265192 8535.92891988135
6118.540727666812 4053.211371537376
3142.9890647841476 7154.258008629143
4535.642839641455 1634.015076058928
119.06674386598314 5336.103691405715
8438.318582459095 2973.8714751458297
5563.680747475501 6147.3516632173405
3660.613910324324 757.8069420250033
9340.632016710753 7486.443747566591
168.94574215103765 2752.045446256954
4770.161289093338 739.526334178705
