20
64.13088679553147 7912.058439172971
1021.6948665659276 4322.365222508181
8698.23426883719 2727.6317585065967
2113.471715023513 4187.224637957512
1832.7742260056878 8051.487203876137
7135.963614056858 1993.013999408406
6118.9640723811 4934.77433145868
2203.7770153476213 8236.321779450976
9990.130863930463 8681.833067009953
4449.938927386043 263.3880852510584
9629.291534445027 4637.045823295596
9460.911652238688 8109.591123364501
9727.555820051975 1307.7028237110244
5265.536007597471 185.69478558623453
3075.3817968074413 7155.67293039823
4905.539960407784 196.18541844353743
8681.015176465962 7377.679762089387
9151.596327995021 7337.318431993071
6307.976141535264 3834.4610821257684
4323.4677050912605 2997.5333223111634
