120
4185.631189829234 5526.126417304794
8474.512589763053 399.9515173929302
9838.686339930957 2428.5877510183527
976.9401100875718 1096.4234312885646
247.7456405796852 9191.193530278531
1299.01449131684 5075.02847448903
2276.0355758957453 5119.76043088957
1547.6150027500835 1958.5499561144247
277.59650678284453 6686.888645296989
9624.237178571939 8396.470095895014
362.00217152203896 7634.606043677478
1923.9101862414566 2526.8836118320705
9809.640698952975 406.94618932126116
882.5564531708352 6330.523515096177
5894.624512964089 3944.310240394819
5750.2802677414575 8528.600172247754
2908.7594407705196 3626.7439968882386
7895.50680307093 4133.925949582537
9792.662589592335 4105.402365817019
2070.423415584909 7183.674889618887
560.918907339265 8890.775716610298
9800.43508588556 2019.4831090772113
834.6865114110691 6957.707519809556
376.88738360040827 7807.74325018268
8750.433932863056 2008.138151978307
1095.5102074681279 8488.384733550198
4076.6343463044495 7738.882660024946
2555.3445723828017 2918.578999043612
9310.567599874685 5182.366639132087
7971.169982093107 7442.203436260786
699.1352916004079 7086.678278698264
3760.3269350695514 1748.3589289522383
3500.3389408167495 1911.8076158645192
5746.426290763525 6670.750775281073
5167.211538234578 1527.3566794540127
7839.410080851619 3594.4393772835206
8486.686446627331 5705.7672732818655
1678.087871790057 8043.683053774271
436.3757450103123 8445.145841186495
1931.750900832101 4261.268101482674
4915.56359229427 5527.881226151115
7848.227171917102 4730.341235202512
7753.746516839651 4527.520963886918
1758.4538762672487 2883.3699321013496
3267.4810869569383 6194.7826039260535
1611.3684473254552 3315.8105542063554
3248.5419621249634 5362.570653640487
7281.912916995579 8016.06790066861
4755.848512937584 7145.527575870132
8594.02443316895 4446.37148780058
9677.467661585792 6450.650050209994
3517.638977943771 3455.5846077794286
6288.537476854234 2640.4952141167428
238.31724794508457 5794.3577862445845
8097.06078675524 6426.626553893364
7363.03516391031 1569.7006604527387
3415.5093218823263 5753.258847933333
42.50313091894831 6714.824180356477
8793.710484427402 6957.21258695233
5856.778635879816 1064.0708716212955
120.63947804472397 915.5573912057802
5623.782851731191 8554.205125996454
9594.00433136215 7770.943937062947
8427.949713821397 964.9338007000963
4945.820854975283 9079.933675246417
2000.1678416630386 4958.72686432794
9146.744596344734 7055.8129397006705
539.1046636834495 4752.715996131193
1956.368856663455 2568.088346898828
75.09313958068643 505.491313194979
7306.053792752653 2846.867147714884
4006.416996163362 5083.8403171926175
2990.328739508752 7022.833633299701
9392.767377426839 496.81218183501795
7092.874138453342 1939.8315029700818
3208.8603914576474 6409.9465370989765
8611.822846366858 4795.900776469456
3020.241896968401 1940.3725692654584
1023.4959775671737 3407.596731589767
5259.671482002929 5756.4282180963955
5305.613710653617 3805.962125397976
5705.216088723625 5075.34398098337
5168.675176782731 3951.034152040691
8190.1947173047665 6755.877454752666
831.4550164507461 6867.266942115279
8115.614547920522 9526.358936020555
9830.983109696768 8593.484951033428
1059.551959586752 9347.192630664571
7741.3616084008545 5705.673088958847
5313.63864650574 8965.907069784285
7371.123295266444 8199.300787987611
3119.4183610946134 4420.693173031058
2356.149061547426 9579.981416212853
97.13522264779617 5838.141667074358
5302.098025550379 9589.769171596654
4901.40042653592 210.59316126304074
7806.802006722202 9623.939063698344
2491.181921698723 5034.566005740699
9566.128269976727 9330.417578940675
3236.9003437375554 6344.152777979132
4332.057876169558 7356.07555749475
1784.3946073011973 4169.189231510515
1640.4033747172286 8505.247752504214
4251.141821393152 8284.265562324668
1300.091840584191 6481.940708655701
6424.007672409882 8251.612899379916
7036.542538117142 2786.2368248555745
5007.984632307031 965.8085710626796
7135.724455482934 829.8305554098117
5920.885392623596 680.3082621591305
8682.067514295262 5982.011167547289
8515.465757121978 1997.4609203012706
7634.652932240131 2737.0797580317285
9606.723691482712 3101.0410790809506
6274.355130182366 9829.39721104551
7441.870095424681 1664.9774677551798
889.8634830186592 4123.120153203581
4250.348216711753 6396.187161876841
5908.481736805844 271.8835989829416
1992.7524079544457 790.0561879032153
