150 60
19 71
20 98
15 64
58 10
42 57
47 82
25 13
16 36
17 82
38 87
19 91
26 92
15 17
19 64
27 20
20 91
56 81
53 43
27 8
43 95
59 24
2 20
2 69
58 31
52 12
22 81
39 91
3 29
40 24
40 90
34 51
10 83
16 25
15 61
6 65
22 31
42 2
24 97
17 90
58 42
23 14
30 60
8 77
5 76
7 5
2 71
40 64
58 52
52 68
51 72
52 27
6 32
24 7
34 24
49 22
33 87
53 20
22 42
45 12
23 56
14 39
46 47
6 18
34 11
30 45
60 44
57 88
26 15
29 37
5 4
49 58
49 58
16 19
44 11
8 53
3 22
48 32
51 57
1 46
35 82
46 20
13 92
40 61
32 27
4 83
18 18
47 19
34 66
4 74
10 44
1 40
5 47
14 79
35 94
50 38
45 37
28 49
32 70
34 61
20 24
11 56
20 5
13 85
29 21
6 88
22 62
57 62
56 88
58 82
10 84
23 54
4 50
25 54
42 52
14 86
53 63
19 2
33 27
55 94
27 26
57 91
29 71
33 72
28 21
37 25
12 54
26 15
8 94
54 81
33 13
5 26
34 23
2 21
52 12
3 11
56 79
25 15
23 12
14 45
23 13
34 65
37 16
27 65
4 98
16 5
26 0
33 73
56 51
46 95
23 51
